1, -0.08180891, -0.4428895, 0.919329
1, -0.08486324, 0.41720873, 0.77638656
1, 0.19308046, 0.9517158, 1.1166384
1, 0.362901, -0.059266146, 1.0341716
1, -0.023776708, 0.6542245, 1.127634
1, 0.21690421, 0.66583085, 1.4147407
1, -0.009115942, 0.6902655, 1.213766
1, 0.56265396, 0.715311, 0.87962276
1, -0.054930836, 0.036639698, 1.4684968
1, 0.5638757, -0.72022235, 1.5845612
1, 0.21690421, -0.5302432, 1.9510803
1, 0.46919155, -0.49175873, 1.0720453
1, 0.4117702, 0.1649214, 2.1135705
1, 0.7190354, -1.3665178, 2.5570586
1, 1.5944053, -1.8326079, 3.1844172
1, 1.5382057, -1.82711, 2.8936455
2, 1.6011249, -3.087325, 2.2785041
2, 0.71781373, -1.868038, 1.9822345
2, -0.015224594, 1.5363139, 0.4373563
2, 1.183293, -1.7709105, 0.67070687
2, 2.1283016, 1.4489602, 0.6255028
2, 4.5369434, -0.15822631, -1.1069111
2, 4.9614944, 0.6322333, -0.7562744
2, 3.5583372, -0.01894904, -2.7843468
2, 2.4239604, 0.6566679, -0.9859597
2, 0.57975817, 1.0787758, 1.4465058
2, -0.31332684, -0.4612155, 1.75316
2, -1.7671862, 0.60107917, 1.6884084
2, -4.50203, 1.186899, 1.9168719
2, -2.8258157, 0.438589, 1.0897604
2, 0.20774123, 0.07390248, 0.0018093829
2, 1.9578701, -1.4813604, -0.3463838
2, 1.9713092, 0.47524095, -1.8582753
3, 2.5577397, 2.7036772, -2.390339
3, 5.1013827, 3.2980492, -2.4459276
3, 2.2009947, 3.6523511, -1.6084313
3, 1.7605606, 0.38910896, 0.5442577
3, 0.09045509, 0.5216667, 0.9840807
3, -1.9327306, -1.7202088, 2.2638435
3, -3.0402293, -1.2981008, 1.7916446
3, -2.3059692, 0.2333383, 0.6407744
3, -1.5252835, -0.49969998, 0.5149362
3, 1.473454, -3.858237, -0.21016085
3, -0.81301457, -0.6230948, -1.0873634
3, -0.77880615, 1.3664933, -0.70374
3, -0.42511517, 4.0891194, -1.433724
3, 5.947431, 1.8991679, -0.6224949
3, 1.2388817, 4.1306586, -0.9658011
3, 1.4679562, -1.7287608, 0.80754066
4, -0.4929212, 0.2968683, 1.045778
4, -1.1612078, -1.7922909, 1.4801033
4, -2.8227613, 0.4599693, -0.20893914
4, -1.9186807, -1.6811134, -0.9004386
4, -3.4372919, 1.2834157, -1.3567549
4, 1.8625752, -4.2504125, -0.70740515
4, 0.72025716, -2.9511023, -0.38120311
4, -2.465405, 0.5638164, -0.6108884
4, -0.9113639, -0.08247903, -1.0898068
4, -0.20642541, 1.5412008, -1.9572355
4, 0.50278914, 2.215596, -1.9059228
4, 3.2718413, -1.5051842, 1.014624
4, 3.862548, -3.8521285, 1.045778
4, -2.3291821, 1.984689, 0.7580606
4, -2.438527, -1.8845315, -0.23887151
4, -4.4806495, -0.84178454, -1.2370254
4, 0.50462174, -0.04582711, -0.1600699
5, -1.2791047, -2.1759143, 0.5412034
5, -2.4324183, -0.73610485, -0.930371
5, -2.0982752, -0.66096836, -0.8564563
5, -2.5863564, 3.3017144, -2.2919896
5, 1.1099892, 2.8380675, -0.69335526
5, 0.37206396, 3.9944355, -0.51315004
5, 1.8375297, -1.6908872, 1.7727078
5, 3.1576095, -2.848477, 1.5540179
5, -3.476998, -3.369545, 1.6755801
5, -4.660855, -0.66341186, -0.6139428
5, -4.5802207, -4.583945, 3.050638
5, -0.03232882, -1.3683504, -1.3585875
5, -1.0927908, 0.5693142, -1.7208306
5, -0.41289786, -0.12585045, -2.1930296
5, -2.0048127, 1.7543929, -2.888194
5, 0.5070652, 2.5540154, -0.64082086
5, 4.1319394, 4.6492834, -0.28163207
6, 3.9065304, -1.0537548, 1.4373426
6, 1.500943, -1.4508171, 1.8411247
6, -2.32063, -0.9383012, 1.6920735
6, -4.6492486, 1.0415131, 0.8503012
6, -4.0194464, -2.0653477, -0.22421075
6, 0.8894669, -2.1013887, -0.05683368
6, 1.6512158, -2.8405356, -0.45450696
6, -0.8942597, 0.5271645, -0.4056377
6, 0.22240199, 0.74829775, -2.0244308
6, 0.956662, 1.3988692, 1.4294015
6, 1.9627571, 4.6523376, -1.343316
6, 3.7519815, -0.1673893, 0.9199398
6, 1.7654476, -0.83567584, 1.4953749
6, -0.7372673, -1.3365853, 1.5784526
6, -4.867327, -0.42578527, -0.18572624
6, -2.4580748, -3.2143853, 1.6847432
6, 0.5822016, -1.3634635, 0.7281282
7, -0.10196746, -1.6805025, -1.0604852
7, -1.5283377, 0.3506244, -0.64326435
7, 1.4001502, 1.1832337, -1.5839968
7, -0.76658887, 6.086649, -1.7739758
7, 6.8118052, -0.726331, -0.26513875
7, 1.2034515, 1.9474262, -0.67869455
7, 2.5186446, -0.80635434, 0.5161579
7, 1.1545824, -1.2541186, 1.2772961
7, -1.3438565, -0.5082521, 0.62305933
7, -4.781806, -0.9163101, 2.6114259
7, -3.381092, -0.13623516, -0.1759524
7, 0.32869253, -3.514931, 0.29135948
7, -1.0091023, -0.4239527, 0.043959085
7, 0.8485389, 0.048246134, 0.07755667
7, -0.6993937, 2.269352, -2.3762891
7, 2.356765, 1.6926954, 0.19606453
8, 2.4404535, 4.8508687, -1.5406253
8, 2.5864503, -1.7745758, 0.49477765
8, -1.1996922, -0.09713979, 0.8851206
8, -1.509401, -2.0421348, 1.6658063
8, -4.208204, 2.4324532, 0.80570805
8, -2.8997302, 0.9175074, -0.60111463
8, 3.1252337, -2.811825, -0.5168152
8, 0.52722377, -3.0818274, -0.7788764
8, -0.90097916, 0.9614897, -0.007964461
8, -0.185656, 1.9260459, -2.7171519
8, 1.0427941, 4.547879, -1.5461231
8, 2.6310437, 2.0091236, -0.21810211
8, 2.429458, -1.6401855, 0.6817024
8, 0.67627484, -2.254716, 1.694517
8, -1.6077503, -0.49969998, 3.2253451
8, -2.8942325, -0.12768306, 2.147779
8, -3.222878, 1.3243437, -0.51131743
9, 1.0415722, -2.9480479, -0.70740515
9, -0.7000045, -0.42273095, -1.2003734
9, 0.7764568, -0.17838487, -0.97435325
9, 0.47468933, 1.3255653, -1.8668274
9, 3.1258445, 4.2784877, -0.58156693
9, 2.9205937, 3.603482, -1.9437964
9, 1.3744938, 0.2266188, 0.48866898
9, 1.0409614, 0.4899017, 1.9810128
9, -1.2974308, -1.4642562, 1.8661702
9, -4.796467, 1.3939823, 0.7800517
9, -5.0108805, -2.6132936, 1.8191335
9, 0.108781055, 0.042748347, -0.10203771
9, -0.9162508, -2.136819, -0.56568444
9, -0.16916265, -0.0354424, -0.44962004
9, 1.54126, 0.4043806, -1.1264588
9, 2.1325777, 4.838651, 0.529597
10, 4.5253367, 3.0659204, 1.0030175
10, 1.5467578, -4.197267, 0.76905614
10, -2.225335, 1.8160902, 2.542398
10, -7.013908, 0.09039584, 1.7464405
10, -3.9186535, -0.08858768, -0.7746003
10, -0.059206896, 2.0720427, -2.3909497
10, 1.7477325, -1.3029878, -1.6573007
10, -0.9321333, -0.3921877, -1.7483196
10, 1.1142652, -0.58338857, -0.2828538
10, 2.7342799, -0.5797233, -1.4166198
10, 4.2724385, 0.7556281, 2.999936
10, 2.3243895, 2.7226143, 0.11848464
10, 0.22728892, 0.33229846, -0.49360234
10, 0.062355295, -1.9944872, -0.29873633
10, 0.6768857, -1.2015841, -0.87661487
10, -3.8520691, 0.5894727, 0.03174178
10, -1.0811845, -1.4618127, 3.348129
11, 2.2180986, -4.397631, -1.1502825
11, -5.0909038, -0.083700754, -1.6799026
11, -1.1343297, 1.6749803, -0.812474
11, 2.4758837, 0.610853, -1.3915743
11, 1.5748577, 5.732958, 0.11604118
11, 4.996925, 1.1655186, -0.37937054
11, 1.9273269, -0.4874827, -0.10997896
11, 1.1527498, -0.4428895, 0.67070687
11, -1.8191097, -2.2583811, 2.4141161
11, -5.444595, 0.016481144, 2.4452703
11, -3.4715002, -4.8453956, 3.1557066
11, -0.7152762, 0.606577, -1.0421593
11, -0.39884797, -1.1692083, -0.9181537
11, -0.9113639, 0.5076168, -0.5100957
11, 0.71842456, 0.18202563, -1.5943815
11, 0.17903055, 5.8655157, -0.8039219
11, 5.611455, 0.7177545, -1.50153
12, 1.5711925, 3.5436172, -1.5387927
12, 1.3292898, -0.5613974, 0.2950247
12, 0.5846451, -0.30544487, 0.45201707
12, -3.994401, -0.62859255, 1.639539
12, -4.9015355, -2.1759143, 3.5277236
12, -0.91869426, -0.9083688, -0.39708564
12, -1.8789744, -1.1087327, 0.35427862
12, 0.362901, -1.4007262, 0.14658444
12, 1.0800568, -0.033609807, -0.56507355
12, -1.1825881, 6.246085, -0.7544418
12, 7.1282334, 0.83565146, -2.186921
12, 1.54126, 4.1153865, -2.0158784
12, 2.8289638, -1.6352985, -0.24559103
12, -0.9675635, 0.67621565, 0.17224078
12, -2.3505626, -2.5063922, 1.8466225
12, -5.9674954, -3.0726643, 4.9547048
12, -0.389685, -0.46488068, 0.5326513
13, 0.75080043, -2.8112142, 1.2540832
13, -1.40983, -2.172249, -0.8784475
13, -0.0695916, -0.0354424, -0.821637
13, 1.9542049, 0.2895379, -1.0995806
13, 4.22418, 2.492929, -3.1472008
13, 0.8344889, 5.1593556, -4.2931843
13, 1.8668512, -0.9810618, -0.18755884
13, 1.4875039, -0.46854585, 1.1447383
13, -1.2180183, -2.0561845, 2.528959
13, -5.63885, 0.67377216, 2.3365364
13, -3.9559162, -1.0647503, 1.9174827
13, 1.4862822, -0.7073942, -1.0103943
13, -0.7531498, -1.810006, -0.9175428
13, -0.65235704, -0.6053797, -0.10936809
13, 2.03545, -0.0354424, -0.467946
13, 0.20651948, 8.237506, -1.4050133
14, 4.2235694, 3.6218078, -3.215618
14, 2.140519, 2.510644, -0.57057136
14, 2.7049582, -1.3976718, 2.1789331
14, -1.6572304, 0.031752776, 2.786133
14, -3.368264, -2.2553267, 2.9400713
14, -5.7414756, -1.5674925, 2.8087351
14, -2.0744514, 2.7476597, -2.5314488
14, 1.8918967, -3.5430305, -1.0311637
14, -0.95229185, -3.4074185, -0.88822126
14, -1.6199677, 1.2009488, -0.5052088
14, 2.1136408, 0.7898365, -1.9199727
14, 3.6597407, 2.8203526, 0.9199398
14, 3.1954832, 3.3279817, -1.9920548
14, 1.1503062, 0.89062935, -0.74283534
14, 0.04586193, -0.16677843, 0.7714996
14, 0.6958226, -0.8552236, 1.1300775
14, -4.211258, 0.25166425, 2.0769186
15, -3.6529272, -0.7703133, -0.013462248
15, 0.71598107, -2.0745106, -0.3549359
15, -1.9925953, -0.94563156, 0.810595
15, -1.4764143, -0.77703285, -0.14846347
15, 1.6988633, -0.16861102, -0.9877923
15, -0.54606646, 4.4562497, -1.0672048
15, 3.8069592, 2.38786, -2.9028547
15, 1.5638621, 3.4196112, -1.1344
15, 2.5986676, -1.2052494, 0.31823757
15, -0.06103949, 0.94194204, 0.90100306
15, -1.8655354, -1.7672454, 1.7745403
15, -5.9681063, -2.4373646, 3.6407337
15, -2.8588023, 1.4257473, -0.69152266
15, -1.1618186, -1.4373782, -0.064164065
15, -1.4177712, -1.923016, -0.15945904
15, 1.3891547, -0.42150924, -0.14724173
16, 0.3806161, 2.706121, -1.691509
16, 4.687216, 0.9480507, 0.034796104
16, 1.6084552, 2.4898746, -1.6585224
16, 1.9438202, -1.3695722, 0.19606453
16, 2.1692295, -0.20831726, 0.23699251
16, -0.6273116, -2.0219762, 0.43857804
16, -4.285173, -1.3420831, 2.8985324
16, -3.7696023, 0.5033408, -0.076992236
16, -0.6218138, -1.8197798, 0.1807929
16, -1.3475218, -1.7153218, 0.9712525
16, 0.8302129, -0.25413215, -0.03728599
16, 1.8766252, 2.6364822, -1.1508933
16, 2.6151612, 1.0940474, -1.5174124
16, 1.3922089, 5.257705, -1.4648781
16, 2.538192, -1.5962031, 0.26142713
16, 1.0507352, 0.3775025, 0.39031968
16, -0.048822183, -1.5259537, 0.73423684
17, -4.8899293, -0.42945048, 2.1691592
17, -2.710362, 0.651781, 0.1630778
17, -0.006672481, -0.7788654, -0.064164065
17, -1.0200979, -0.5693386, -0.3072884
17, 1.2602621, -0.49053702, -0.08982041
17, 0.58647764, 1.0683911, -1.7788628
17, 2.5901158, 1.7110213, 1.6670281
17, 0.82776946, 5.8490224, -1.9835026
17, 2.924259, -1.7116566, 0.5265426
17, 1.5168254, 0.013426818, 0.8338079
17, -0.40862182, -2.3316848, 2.3402016
17, -5.1489363, 0.5870293, 1.8307399
17, -3.8135848, -1.6988285, 1.0683801
17, 0.75446564, -1.2816075, -0.32622525
17, -0.40068057, -2.2205074, -0.083100885
17, 0.05746837, -1.4037805, 0.17040819
17, 2.0476673, 0.07268075, -0.5015436
18, 1.4826169, 3.3792944, 0.21988827
18, 0.4789654, 3.9999332, -4.4159684
18, 2.5125358, 0.65483534, -1.1734954
18, -0.15816706, 1.0934365, 0.8533555
18, 0.3366338, -0.01772731, 1.6383173
18, -0.8954814, -1.1081219, 2.5937107
18, -7.0077987, -4.1655025, 5.833129
18, -1.5539942, 1.5412008, -1.8393385
18, 0.5088978, -2.3952148, -0.7923154
18, 0.40871587, -0.6072123, -0.42762887
18, -0.9248029, 3.7378724, -2.0262632
18, 2.986567, 6.7469945, -2.4874666
18, 3.944404, 3.5766037, -1.4459413
18, 2.1368537, 2.0231736, 0.10260215
18, 1.5082734, -0.5143608, 2.4183924
18, -0.66762865, -0.89920586, 3.389668
18, -3.8648975, -1.5112928, 3.2039652
19, -4.8172364, -3.495383, 3.1697567
19, -2.175855, 2.8429546, -1.7703106
19, 1.4685671, -2.7886121, 0.013415823
19, -0.65235704, -1.4917451, -0.38303575
19, 0.12527442, 0.9309464, 0.11359773
19, 4.1624827, -1.1667649, -1.4172306
19, 3.5974324, 0.221121, 3.9950354
19, 2.3854759, 3.2241344, -3.2168396
19, 1.5375948, -0.06415307, -0.51192826
19, 0.3067014, 0.13621074, -0.6615903
19, -1.1685382, -0.2150368, 0.53509474
19, -4.441554, 0.565649, 1.0127914
19, -1.4360971, 0.24005783, -0.13013752
19, -1.622411, -1.9059117, -1.5277972
19, -1.9418936, -0.9651793, -1.5021409
19, 1.4777302, 0.121549964, -0.31034273
20, -0.8539426, 4.885688, -0.58401036
20, 6.6865783, 1.327398, -1.4538825
20, 1.2547643, 4.867362, -2.5424442
20, 1.201619, -0.7703133, 0.8289209
20, -1.1166146, 0.6163508, 2.048208
20, -3.1630132, -1.4465412, 1.8625048
20, -6.956486, -1.6395745, 2.5888238
20, 1.3610548, -0.7825306, 0.45446053
20, 1.0580657, -3.2247698, 0.1966754
20, -1.0781301, -0.9407447, -0.22054556
20, 2.579731, -0.73427224, -1.220532
20, 0.9994226, 4.0072637, 0.5179905
20, 2.2425334, 2.971847, -4.2980714
20, 1.6725961, 1.340837, -1.7984105
20, 2.081265, -0.47098932, -0.08187916
20, -0.14472803, 0.20218417, 0.5961813
20, -0.9504593, -1.2425121, 2.3719666
21, -5.389617, -1.8655947, 3.3023143
21, 0.55593437, 1.1160386, -1.175328
21, 0.32197303, -1.5937597, 0.5674706
21, -0.010948538, -0.7312179, 0.09038484
21, 0.50339997, 0.22906226, -0.90654725
21, 1.6939763, 4.0390286, -0.5571323
21, 4.9333944, 0.06596123, -0.81125224
21, 1.5931836, 1.9236025, -0.8692845
21, 1.5553099, -0.99144655, 0.17834944
21, 1.2205558, -0.54429317, 0.2632597
21, -3.1953893, -0.72999614, 1.698793
21, -8.27901, -1.5119036, 3.3615682
21, 0.6512294, 0.5711468, -0.61821884
21, -1.7323668, -0.9126449, 0.39154142
21, 0.50523263, -1.4202739, -0.4764981
21, 1.5901293, -0.91508836, -1.2132015
21, 1.9706984, 5.932711, 0.9352115
22, 1.9706984, 5.781216, -2.799008
22, 2.0837085, 2.4452813, 0.22660778
22, 3.7293794, -3.123977, 2.3182104
22, -1.6303523, -1.270001, 1.2473637
22, -4.8294535, 0.07573507, 1.3365499
22, -4.923527, -0.85766697, 2.130064
22, 1.9028924, 2.4819334, -0.7862068
22, -0.46054536, -2.1276557, -0.77948725
22, -0.28705963, -2.1960728, -0.3763162
22, 2.0867627, -0.4887044, 0.05495466
22, 0.9285622, 0.370783, 0.73362595
22, 1.7660584, 6.0848165, -2.9132395
22, 2.788036, -1.6866112, 0.6096203
22, 1.8088189, -2.1795793, 0.8270883
22, 1.2278862, 0.556486, 0.3652742
22, -4.7622585, -0.86133224, 0.19911885
23, -3.1611807, -4.5894427, 1.8386811
23, 0.44720042, -0.67990524, -0.08249002
23, -1.6175241, 0.837484, -0.83079994
23, -0.43244556, -0.78802836, -0.70801604
23, 1.4948343, 0.3634526, -1.4202849
23, 1.4991103, 0.061685175, 0.57663363
23, 3.0164995, -2.3274088, -1.179604
23, 0.81188697, 2.3951905, -0.7727678
23, 3.3329277, -0.7971913, 0.22905125
23, 0.5443279, -0.45327422, 2.093412
23, -4.6504703, 1.4984401, 1.1575664
23, -5.698104, -3.3952012, 5.00785
23, 0.35862494, 1.0971018, -1.1924322
23, 0.48873922, -2.4947858, -0.48199588
23, 0.010431745, 1.2204965, -0.9853489
23, 3.0983555, 0.53388405, -2.1240017
23, 2.646926, 2.0903687, 0.66520905
24, 2.4428973, 3.0964637, -4.307234
24, 1.1222066, 3.3963985, -1.7141111
24, 2.8637831, -1.2803857, -0.29812545
24, -0.64197236, -1.360409, 1.4972075
24, -6.4250336, -0.7562634, 2.968782
24, -5.014546, 1.1710165, 1.0524975
24, 0.5247803, -1.3964502, -0.8619541
24, -2.4599073, 0.7702889, -0.8234695
24, 1.8210363, -0.15028507, 0.08488706
24, 2.9034896, -1.0317637, -1.8692709
24, -0.5582838, 2.4263444, -2.820999
24, 1.5241559, 3.8734844, -1.5821642
24, 2.153958, 0.36162, 0.1752951
24, 0.57426035, 0.59619224, 1.3396043
24, -0.7500955, -2.8692462, 0.8655728
24, -3.1440763, -2.6872084, 2.4587095
25, -7.232598, 1.0201328, 0.6151181
25, 4.8894124, -4.3218837, -0.44167876
25, -1.2589463, -0.1655567, 0.16429955
25, 0.14909816, -0.24496917, -0.1215854
25, 3.5094678, -2.036637, -1.5589513
25, 1.5253775, 3.099518, 2.7629204
25, 3.011613, 3.6853378, -3.161862
25, 1.0189703, 1.2657006, -0.51253915
25, 0.66650105, 0.017702876, 0.1911776
25, -0.31454855, -1.8295536, 1.2168204
25, -4.709724, -0.07270519, 2.320654
25, -4.520967, -0.056822684, 1.259581
25, 1.0030878, -1.8026755, 0.55158806
25, -1.7555797, -0.34392935, -0.13197011
25, 1.1405325, -0.5064195, -0.1197528
25, 0.44475693, 1.5167662, -2.2889352
25, 3.3060498, 2.1502335, 0.6010682
26, 1.4740648, 2.532635, -0.94014484
26, -4.3328204, 5.1324778, -1.0507114
26, -4.5435686, 3.6951115, 0.3579438
26, -1.9095176, 0.77884096, 1.0720453
26, 0.7453026, 1.227216, -1.1197393
26, -2.6181214, -1.0623069, -1.7568717
26, 1.2278862, -0.7464896, -0.78193074
26, -1.3902823, 0.30236608, -0.72817457
26, -0.14656062, 0.7189762, -0.7391702
26, 0.64328814, 0.502119, 0.5693032
26, 1.3946524, -0.7214441, 1.4959857
26, 2.167397, -0.45327422, 1.5283616
26, 2.9120417, -3.9504778, 2.0359907
26, 1.0036986, -0.6530272, 1.3603736
26, 0.308534, -2.6933172, 0.25592932
26, -1.3908931, -0.90592533, 0.13070194
26, -5.435432, 1.8588507, -1.3659178
27, 4.049473, -5.1208954, 0.015248418
27, -0.8624947, -2.4428623, -0.0110187875
27, -0.8362275, 0.6120748, -0.5082631
27, 2.392806, -0.54368234, -2.3390262
27, 2.9450283, 1.6798671, 0.1771277
27, 2.9187613, 2.4752138, -2.3316958
27, 1.9407659, 0.05007873, -0.45817214
27, -0.006061616, 1.4349103, 0.45201707
27, -1.069578, -2.3726127, 1.3121153
27, -5.9088526, -0.2993362, 3.7274766
27, -1.4055538, 1.0757214, -0.7874285
27, 0.61213404, -2.2412767, 0.32556796
27, -2.1086597, -1.1185064, -0.4624482
27, -0.893038, 0.16736485, -0.8466824
27, 1.5711925, 3.511852, -2.2266269
27, 6.216212, -1.0293202, 0.80998415
28, 0.037309818, 5.768999, -2.5668788
28, 0.43376136, 0.22417532, 0.117262915
28, -0.65541136, 1.644437, 1.1331319
28, -0.22047532, -2.852753, 1.9351978
28, -5.371902, -3.6041172, 2.800794
28, -0.9535136, 0.6236812, -0.7727678
28, 0.9041276, -3.3487754, -1.5351275
28, 0.3683988, -2.1013887, -1.6004901
28, 0.13871343, -0.120963536, -1.365307
28, -0.249186, 3.2785015, -0.9639686
28, 4.8997974, 1.0464, -1.619427
28, 0.8021131, 1.6939172, -0.94564265
28, 1.4239739, -0.17105448, 1.1062537
28, 0.53699756, -0.9224188, 2.1551094
28, -2.9718125, -1.9199617, 2.7604768
28, -4.2320275, -2.4978402, 4.8630753
28, -1.0182654, 2.1710029, -1.5082495
29, 0.34029898, -2.0897822, -0.2516997
29, -1.2815483, 0.15392582, -0.9835162
29, 0.91756666, 1.4000909, -1.5784991
29, 1.0140833, 3.8740952, 1.4165733
29, 1.1991756, 4.2265644, -2.978602
29, -2.239996, 2.3573167, 0.025022263
29, -6.5044465, 4.754352, 1.1997162
29, -0.88631845, 1.381765, 1.0219543
29, 1.3787699, 1.5051597, -1.075146
29, -3.7922044, -1.411111, -2.0427566
29, 0.24256054, 0.5015082, -0.7788764
29, -0.63830715, -0.9444099, -0.58401036
29, 0.3525163, 0.048246134, -0.38303575
29, 0.70193124, 1.4660643, 0.29807904
29, 0.38977906, 0.07390248, 1.091593
29, 0.974988, 0.13987593, 1.2840155
29, 0.67994004, -2.285259, 2.1813765
30, -1.119669, -1.3634635, 1.8356268
30, 2.0568304, -3.0060802, 0.59862477
30, -0.9449615, -0.95235115, 0.1368106
30, -4.4800386, 0.42820433, -2.1533232
30, 4.0372553, -4.475211, 0.058008984
30, -0.6529679, -2.344513, -0.56873876
30, -0.4953647, 0.103834875, -0.16373509
30, 2.3604305, 0.55159914, -0.74466795
30, 4.6444554, 1.1795686, 0.92910284
30, 2.7947557, 3.5582778, -1.93219
30, 1.0806676, -0.50580865, -0.11120069
30, 1.5827988, -0.22481063, 1.1337427
30, -2.1642485, -2.0427456, 1.6780236
30, -5.20086, -2.7226386, 2.1502223
30, -1.7708514, 1.897946, -0.6615903
30, 1.3873221, -4.484985, 0.57357925
30, -2.0475733, -0.9877813, -0.29507113
31, 0.83998674, -0.06659653, -1.4972539
31, 1.9303812, 3.6077578, -1.0861416
31, 4.8985753, 1.426969, -1.6163727
31, 0.79295015, 3.2839992, -1.3005553
31, 1.9273269, -1.6065878, 0.8313644
31, 0.121609226, -0.13501345, 2.038434
31, -3.9626358, -1.6175834, 2.7177162
31, -5.47636, -2.3939931, 1.8899939
31, 0.9517751, 1.4581232, -0.876004
31, 0.71292675, -2.9358306, 0.026243992
31, -1.6303523, -0.7935262, -0.8588997
31, 1.6041791, -0.50336516, -0.263917
31, 4.1142244, 1.7330124, -2.0464218
31, 2.648148, 0.79838866, -1.913864
31, -0.078754574, 2.6364822, -1.6951743
31, 1.690922, -1.0904068, 0.45751485
32, 0.46186116, 0.44469768, 2.0359907
32, -5.055474, 0.30786386, 2.228413
32, -5.2704988, -2.2522724, 0.55158806
32, 0.5589887, -0.2077064, -0.33538824
32, -0.5772206, -1.968831, -0.23948239
32, 0.40810502, 0.8698599, -0.48932627
32, -0.91747254, 2.029282, -1.6573007
32, 3.965784, 2.6425908, -0.70557255
32, 3.7446508, 1.1661295, -1.7477086
32, 0.8173847, 2.683519, -1.4502172
32, 3.0800295, -1.1484388, -0.0030775391
32, -2.5307677, -0.48137403, 1.0995342
32, -4.2821183, -0.7996348, 2.4458814
32, -5.966274, -0.18693697, 0.62183756
32, 1.074559, -1.8484905, -0.22604334
32, -1.377454, -1.7214304, 0.35427862
32, 0.100228935, -0.056211818, -0.4117464
33, 1.877236, 1.6346632, -2.1374407
33, 6.5118704, 0.44347596, -1.1661649
33, 2.1240253, 4.1685324, -1.2070929
33, 2.6621978, -1.0537548, 0.57357925
33, -1.3933365, -0.8949298, 1.9376414
33, -2.7176924, -1.3347528, 1.4568903
33, -6.4079294, -2.3799431, 2.8563826
33, 1.8741816, -1.9065228, 0.22355346
33, 0.017151264, -3.6224432, 0.47889513
33, -2.7482357, 1.0085263, -0.1619025
33, 2.2144337, -1.2846619, -0.95785993
33, -0.5723337, 4.0274224, -2.4477603
33, 6.4074125, -0.32987946, -0.061720602
33, -1.0439216, 5.284583, -3.632839
33, 3.246185, -1.3481917, 0.038461298
33, -0.56744677, -1.043981, 2.5393436
33, -5.2289596, 0.7464651, 3.0909548
34, -4.0683155, -1.8662056, 2.5252936
34, 0.5675408, 1.5919026, -1.6860112
34, -1.2656658, -0.55712134, -0.48627195
34, -0.060428623, -0.4606046, -0.52414554
34, 2.3036199, 1.4953859, -1.9951091
34, 3.0818622, 2.7965288, -0.6713641
34, 2.2834613, 3.6578488, -3.328017
34, 1.9920787, -0.2645169, -0.49787837
34, 0.8204391, -0.7416026, 1.2797395
34, -1.6725019, -1.4477628, 2.8661566
34, -5.7787385, 0.06962642, 2.6230323
34, -3.0487814, 1.2382116, -1.0684265
34, -0.05431997, -1.8655947, -1.0354398
34, -1.2271813, -1.4734192, -0.009797057
34, 0.4893501, -0.106302775, 0.15024963
34, 1.4563497, 1.6816999, -2.077576
35, 5.1313148, -0.67562914, 1.5411898
35, 0.54005194, 4.9143987, -2.4917424
35, 2.3146155, -1.7910691, -0.1796176
35, 0.49668047, 0.28709444, 0.91199857
35, -2.784277, -1.9352332, 2.0756967
35, -6.6113477, -2.2424986, 3.7806218
35, -0.5912705, 1.3176241, -0.56507355
35, -0.61509424, -1.7367022, -0.3005689
35, -1.2326791, -1.0806328, -0.8790583
35, 1.61884, 0.37505904, -0.4306832
35, 0.6182427, 4.492902, 0.8845096
35, 6.604722, -1.8576535, -0.4661134
35, 0.44048086, 3.8539364, -1.6536354
35, 1.1283152, -1.447152, 0.19301021
35, 2.0617173, 0.24433388, 1.0983125
35, -5.093347, 0.9297247, 0.69880664
35, -5.616859, -0.75504166, 1.8173009
36, 1.1454194, -0.52474546, -0.70984864
36, -2.0994968, -0.11852007, 0.1545257
36, 0.57975817, -1.5125145, -0.1832828
36, 2.4923773, -0.5168042, -1.0543766
36, 3.54612, 0.5485448, 0.8118167
36, 1.3066877, 4.0897307, -3.5021138
36, 2.9041004, 0.8619186, -0.9902358
36, 2.7006824, 0.6542245, 0.6077877
36, -1.7818469, -0.7959696, 0.83930564
36, -3.731118, -1.2131906, 0.62428105
36, -5.6797776, -3.0476189, 1.8441789
36, 1.0867764, -2.3524544, 0.1368106
36, -2.2711499, -0.9163101, 0.52043396
36, 0.11977663, -0.75381994, -0.5259782
36, 1.5876858, 0.0910067, -1.3011662
36, 2.76971, 2.524083, 1.2974546
36, 1.9108335, 2.709786, -1.778252
37, 1.3079095, -0.54001707, -0.19855441
37, 0.40321812, 0.19790813, 2.5228503
37, -2.5607, -0.86683, 1.0726562
37, -4.74943, -3.6511538, -0.056222815
37, -3.1807282, 0.8582535, -1.3585875
37, 2.416019, -3.2986846, -0.62432754
37, -1.6706694, 0.6633875, -0.0018558087
37, 1.3873221, 0.0060964352, -1.165554
37, 1.3109639, 3.924186, -1.2028168
37, 3.9181368, -0.8692734, -0.50704134
37, 1.6377767, 1.8564073, -1.0812546
37, 2.003685, -0.29811448, 0.393374
37, -0.9248029, -0.90042764, 2.4306097
37, -5.9290113, 0.4141544, 2.4336638
37, -2.4678485, 2.4843767, -2.2278488
37, 0.35984668, -1.945618, 0.21866655
38, -1.7708514, -0.812463, -0.2657496
38, 0.31464264, -0.9957226, -0.5076522
38, 0.8540366, 3.2913299, -2.4544797
38, 4.692103, 2.6181562, 1.6682497
38, 2.3769236, 2.1636724, -0.99695534
38, 1.4765083, -1.3817894, 0.3811567
38, 0.65184027, 1.2809721, 0.4404106
38, -2.1801312, -1.2260188, 1.0292847
38, -7.112257, -2.984089, 2.5088003
38, 0.28654283, 0.94194204, -0.3689858
38, 0.30792314, -2.725693, -0.436181
38, -2.470903, -0.23030841, -0.94503176
38, 2.045224, -0.26085168, -0.35554677
38, 0.548604, 4.3096423, -0.5247565
38, 5.189958, 1.2266052, -1.0794221
38, 0.8344889, 2.8252394, -0.8595106
38, 2.2633028, -1.8491013, 1.0463889
39, -0.4135087, 0.021978932, 1.4794924
39, -5.0298176, -0.48931527, 2.1514442
39, -3.1330807, 0.01709201, -0.3610446
39, 0.9389469, -0.91447747, -0.8234695
39, -1.7897881, -1.2724446, -0.050114162
39, -0.9315225, -0.33904243, -0.27369085
39, 1.097161, 0.0910067, -2.2699986
39, 1.8766252, 2.6389256, 1.4153515
39, 2.955413, 3.4385483, -0.6157754
39, 2.5998895, -1.0641395, 0.45018446
39, -0.4654323, 0.33413106, 0.73545855
39, -2.9137802, -1.9040792, 1.821577
39, -6.4629073, -2.304196, 3.571095
39, -0.13434333, 2.125799, -1.5308516
39, 0.4294853, -2.4428623, 0.10443474
39, -1.5967548, -0.39157686, -0.7556635
39, 1.9071684, -0.52535635, -1.2272514
40, -0.015224594, 5.248542, -1.7648128
40, 6.072658, -0.5846102, -0.05439022
40, 1.3384528, 3.3829594, -1.0537658
40, 2.3628738, -1.3005443, 0.60839856
40, -1.7060996, -2.343902, 1.9089307
40, -4.460491, 0.5027299, 1.7574362
40, -4.810517, -0.5186368, 0.63649833
40, 1.5235449, -0.10324845, -0.44778743
40, -0.5967683, -1.288327, -0.034231666
40, 0.49851307, 0.07084815, -0.49238062
40, 0.8045566, 0.50883853, -2.6029198
40, 5.481341, -2.0146458, 0.22172087
40, -0.4477172, 5.8587966, -2.3530762
40, 3.4734268, -1.9841025, 0.7360694
40, -1.2852134, 2.1227446, 1.3756453
40, -8.30711, 2.7794247, 0.4764517
41, -4.418952, -1.8558208, -1.8588861
41, -3.0927637, 4.994422, -1.4099002
41, -1.990152, 0.08611978, -1.7128894
41, -1.659063, 1.7678318, -0.79781324
41, 0.7795111, 0.5033408, 0.62183756
41, 2.343937, 0.9718744, 1.8600614
41, -0.7543715, -0.662801, 1.0928147
41, 0.91329056, 0.41232184, 0.83747303
41, -1.8905809, 1.0066937, 0.28219652
41, 1.4716215, -2.571144, 0.3952066
41, 1.4166435, -3.8710651, 0.12214983
41, -4.830675, 1.309072, -0.8937191
41, 8.819719, -9.507519, 1.0531086
41, 0.3714531, -3.578461, 0.49477765
41, -0.089750156, 0.13559987, -0.8595106
41, 0.70193124, 2.954132, -2.0158784
41, 6.1306906, 1.9834673, -0.41907677
42, -0.0017855591, 4.5350513, -3.2394416
42, 1.06112, -0.5815559, -0.7177898
42, 0.53394324, -0.11118969, 0.36344162
42, -3.015184, -1.183869, 2.2088654
42, -4.17766, -3.3988664, 4.3071876
42, 1.1386998, -0.37264, -0.29995805
42, -1.5448312, -1.0348179, 0.31212893
42, -0.2119232, -2.2956438, -0.46000472
42, 0.80822176, 0.58580756, -0.7526092
42, -0.4654323, 4.147152, -0.67991626
42, 6.37748, 1.1716273, -3.9584298
42, 0.28776455, 3.828891, -2.6670609
42, 1.9480963, -0.5351302, -0.39403132
42, -1.2112987, 0.26021636, 0.9816372
42, -4.006618, 0.29442483, 1.762323
42, -7.683416, -1.1924212, 3.225956
42, 1.0421832, -2.058628, 1.0793757
43, 0.24622573, -2.3738344, 0.6584895
43, -1.423269, -0.33049032, -1.2089255
43, 1.9206074, 0.9798156, -2.262668
43, 2.9804585, 2.864335, 0.49294505
43, 2.9645762, 3.409227, -0.7874285
43, 1.445965, -0.35492492, -0.78070897
43, 1.6072335, -0.10996796, 0.35366777
43, 1.8039321, -1.4801387, 0.25715107
43, -4.977283, 0.84970134, 2.3298168
43, -1.4629753, -1.541836, 2.288889
43, -0.46665403, -2.3420696, -0.11853106
43, -3.4165223, -0.15944804, -1.1056893
43, 1.015305, 0.24677734, -0.544915
43, 0.4661372, 0.769678, -1.0733135
43, 5.9083357, 2.120301, -2.8814745
43, -0.74032164, 2.4391725, -1.2571838
44, 1.0513461, -0.94257724, 0.98102635
44, 0.7532439, -0.6004927, 1.9694064
44, -2.025582, -0.8472823, 0.69391966
44, -5.6241894, -1.0268767, 2.424501
44, -4.2143126, 2.1270206, -1.0672048
44, 2.325611, -4.0378313, 0.037850432
44, -0.6236464, -1.2748879, -0.2706365
44, 0.3097557, -1.1356107, -1.7318262
44, 2.2419226, 2.8160768, -2.4740274
44, 4.3536835, -0.7385483, -0.7947589
44, 1.337231, 3.031101, -2.1814232
44, 1.1594692, 0.8533665, -0.20344135
44, 0.6066362, 1.3664933, 0.6047334
44, -3.8367977, -1.1472172, 1.3292196
44, -5.154434, -2.9077308, 1.472773
44, -3.2302084, 0.54610133, 1.3121153
44, -0.044546127, -2.8405356, 1.4807141
45, -1.7830687, 0.6084095, -0.32439268
45, 2.3231676, -0.38852254, -2.1582103
45, 2.7446647, 0.8979597, -0.55102366
45, 1.3060769, 3.952286, -0.95663816
45, 3.018943, 3.1331158, 0.44346496
45, 1.5687491, 0.77395403, 0.52287745
45, 1.5522556, 2.6957362, -0.12219626
45, -3.476387, -1.9767721, -0.0049101347
45, -6.4561877, -2.5595376, -0.062331468
45, -2.2448828, -0.3445402, 0.5473121
45, -0.3786894, -3.7440054, 0.9315463
45, -0.7543715, -0.54368234, -0.10387031
45, 1.2834749, 1.8948917, -2.5693226
45, 3.667071, 1.6914736, -1.6084313
45, 2.2981222, 3.2332976, -0.29690373
45, 3.3781319, -0.5259672, 2.5417871
45, -1.3615717, 4.0304766, 0.7537845
46, -4.1184063, 0.4391999, 0.6523809
46, -3.3444402, -3.0580037, 1.2754633
46, -5.551496, 0.04946787, -0.84973675
46, -1.7824577, -1.0201572, -0.3976965
46, -0.66152, -1.334142, 0.18629068
46, 1.9328247, 0.18141477, -1.387909
46, 1.600514, 2.2131526, -2.689052
46, 4.0018253, -2.127045, -0.12097453
46, 3.381797, 1.4440732, -0.821637
46, 2.1832795, 0.26754674, -0.11914194
46, 1.7141349, 1.6841433, 1.0928147
46, -4.161167, 0.7678454, 0.8496904
46, -2.9443235, -2.6279545, 0.8716815
46, -5.593035, 0.7708997, 0.18812327
46, -0.7623128, -1.1960864, 0.90894425
46, -0.829508, -1.5900944, 0.6780372
47, 1.3970958, -1.0201572, -1.0623178
47, 2.4428973, 1.1184821, -2.399502
47, 2.910209, -0.3989072, -0.9706881
47, 1.5931836, 4.7036505, -1.2419122
47, 3.3891275, -0.907758, 0.64199615
47, 1.486893, 0.0928393, 0.0647285
47, -4.949183, 0.47340834, -0.2339846
47, -4.079311, -3.5161526, 1.8680027
47, -4.79891, 1.2540941, -0.71107036
47, 0.7776785, -4.7085614, -0.21077172
47, -0.66946125, -2.004261, 0.166743
47, 1.2346057, -0.7055616, -0.94381
47, 1.4288608, 1.2699767, -3.0897796
47, 1.8320318, 2.066545, -1.125237
47, 1.6536593, 4.7073154, -1.7898583
47, 2.8552313, 0.18263648, -0.10203771
47, 0.00859915, 0.29259223, 0.13497801
48, -3.3609335, -0.82406944, 1.1520686
48, -5.1611533, -2.131321, 2.0989096
48, 1.2584294, -1.8845315, 0.339007
48, -2.561311, -2.4905097, 0.7806626
48, -1.4843554, -0.13623516, -0.014683979
48, 1.7355152, -0.5907189, -0.6713641
48, 0.27799073, 4.7983346, -0.13746789
48, 5.519825, 0.70736974, -1.6157619
48, 0.12466355, 3.485585, -2.5161772
48, 1.5339297, -1.7452543, -0.35065985
48, 0.7269767, 0.5143363, -0.35432506
48, -2.904617, -0.64019895, 1.4300123
48, -7.172733, -2.6365066, 2.7403183
48, 0.988427, 0.021978932, 0.15024963
48, 0.6884922, -1.2632815, 0.69880664
48, 1.754452, -2.5668678, 0.11054339
48, 1.0421832, -1.5931488, -1.5760555
49, -0.3017204, 3.9919922, -3.0861144
49, 2.0513325, 2.0048475, -2.52534
49, 1.3225703, -0.49969998, 0.2602054
49, 1.3500592, 0.15942362, 1.4611665
49, 0.14237863, -0.91203403, 2.4177816
49, -4.386576, -1.5119036, 1.9235914
49, -5.0328717, -4.2388062, 1.8056945
49, -2.0958316, 1.2974656, 0.5864074
49, -1.200914, 0.5167798, 0.117262915
49, 0.7410265, -0.2816211, -0.37570536
49, 2.8020859, 0.33901802, -1.5943815
49, 1.654881, 2.3127236, -0.8057545
49, 3.8313937, 3.2235236, -1.7501521
49, 2.0647714, 3.6731205, -0.68846834
49, 3.4294446, 1.1172603, 0.80998415
49, -1.532003, -2.0335827, 1.0024067
50, -6.9693146, 1.635274, 0.57968795
50, -4.179493, -1.0458134, 1.0408912
50, 2.1857228, -1.831997, 0.39948267
50, -0.9632875, -2.6933172, 0.43796715
50, -0.35669827, -1.5540533, 0.5845748
50, 2.3421044, -0.8326215, -0.825913
50, 1.5375948, 1.7482841, 2.2094762
50, 1.4710104, 3.84233, -2.3182569
50, 3.3152127, -0.6939551, 0.023189668
50, 2.054998, 0.9150639, -0.37692708
50, -2.7885528, 0.92117256, -0.55102366
50, -5.7982855, -1.0067182, -0.14052221
50, -0.040880937, -1.3927851, 0.44163236
50, -0.4232826, -4.8350105, 0.38726535
50, -2.0518494, -1.846047, 0.053122062
50, 1.5815772, -1.3084856, -0.85218024
50, 1.6102878, 3.2748365, -4.7482786
51, 3.0232193, 0.6945416, 0.951094
51, 2.4612231, 4.601636, -2.5778744
51, 2.8552313, -0.84911495, 0.22172087
51, -0.6761808, -0.19487824, 0.23821424
51, -3.0219033, 0.6132965, 0.94865054
51, -4.7054477, -2.4605775, 1.698793
51, 0.39405513, 0.07206988, -0.58645386
51, 0.67627484, -2.8509204, 0.7073588
51, -0.7195522, -0.7471004, 0.55403155
51, 0.16986758, 1.2504289, -2.4111085
51, 2.320724, 1.9767476, 0.73484766
51, 1.0708938, 3.806289, -2.5540507
51, 1.5693599, 1.2485963, -0.70801604
51, 3.2278588, 0.18813428, 0.7440107
51, -2.5185504, -1.6572896, 0.44163236
51, -4.6266465, -3.3206758, 2.905252
51, -4.726828, 2.696347, -0.06905099
52, 2.5229204, -2.5766418, 1.1178602
52, -0.43488902, -1.5711576, 0.80509716
52, -0.3316528, 0.846647, -0.6237166
52, 1.1319803, 1.494775, -1.0287204
52, 4.4392047, 1.2889135, 0.9681982
52, -0.41839567, 4.703039, -1.6414181
52, 1.9945221, -1.8038974, 0.56624883
52, 0.27799073, 0.46852142, 1.6975713
52, -1.4806904, -3.0323474, 1.9987279
52, -6.392047, -1.1594344, 3.7763457
52, -2.1312618, -0.7446569, 0.06717197
52, -2.225335, -1.9596679, -0.07821397
52, 0.16803497, -1.7079915, -0.4154116
52, 0.42337665, 0.5674816, -0.5589649
52, 1.8705163, 1.7788274, -2.1783686
52, 7.998717, 0.3970502, -0.8692845
53, -0.32676587, 4.333466, -4.0622773
53, 1.3323442, -0.041551054, -0.5571323
53, 1.7159675, 0.2125689, 0.7592823
53, -2.1776874, -1.7617476, 2.5888238
53, -4.6614656, -2.1392622, 4.290694
53, -2.9296627, 0.6090205, -0.6811379
53, -1.2461181, -2.0983343, -0.17289807
53, -1.5765961, -0.653638, -0.1338027
53, 0.74347, -0.47343278, -0.5412498
53, 0.5296672, 5.106821, -2.109341
53, 6.2345376, 2.0133996, -0.5614084
53, 2.375091, 3.3322577, -2.7470841
53, 3.4489923, 0.2089037, 0.16857558
53, -0.552786, 1.9614761, 1.0885386
53, -3.7134027, -0.35797924, 2.383573
53, -6.3065257, -3.5033245, 3.557656
53, -0.43549988, 0.6542245, -1.3695831
54, -0.8185124, -2.933998, 0.06533937
54, -0.60226613, -2.0934474, -0.17717414
54, 1.4923909, -0.3005579, -0.67075324
54, 0.707429, 2.601052, -2.8283293
54, 8.175257, -2.9394958, 0.032963507
54, 0.6011384, 3.4409916, -3.6798754
54, 1.3622764, -0.6872356, -0.055001084
54, -0.629755, 0.4220957, 2.1184576
54, -3.7097375, -0.52474546, 2.5112438
54, -2.5961304, -3.2999063, 2.8166766
54, -4.601601, 2.293176, -0.7843742
54, 0.5314998, -1.3988937, -1.0647614
54, -0.5191884, 0.02992018, -0.11914194
54, 0.71781373, 0.5271645, -0.73855925
54, 1.6738178, 2.4794898, -0.83568686
54, 3.6481342, 0.8747468, -0.94075567
54, 0.40749413, 4.965101, -1.9016467
55, 1.3482267, -0.49053702, 0.03540697
55, 1.4245849, 0.07268075, 0.040904757
55, -3.5838995, -0.52535635, 1.0323391
55, -6.3908253, -2.9914193, 3.4458678
55, 0.17414363, -0.30177966, -0.79781324
55, -3.7543309, -1.6359093, -1.2425231
55, -1.9076852, 0.53327316, -0.23215201
55, 2.4141865, 0.20768195, -0.5455259
55, 1.5858532, 2.935806, -1.7092241
55, 4.722035, 0.22478619, -2.0079372
55, 1.1613019, 2.1655052, -1.1142415
55, 2.3573759, 0.07634594, -0.030566474
55, 1.1160979, -0.6230948, -0.2761343
55, -3.484939, -0.0012339477, 0.18506895
55, -7.4268527, -3.433075, 4.920496
55, 0.49729136, -1.5002972, -0.08982041
56, -3.3743725, -1.0965154, -0.2339846
56, 0.5663191, -1.2327383, 0.31579414
56, 2.2278726, -1.3255899, -1.483204
56, -0.5375144, 4.0164266, -0.20344135
56, 6.023178, -0.46488068, -2.004883
56, 0.838765, 2.687184, -1.5565078
56, 1.3292898, 0.58397496, 0.47156477
56, -0.23819041, -1.1020131, 0.80326456
56, -4.814793, -0.2150368, 0.87595755
56, -4.994998, -3.9132152, 4.2351055
56, 0.13749172, 1.0690019, -1.3488138
56, -2.9131694, -0.9224188, -0.20466307
56, -1.5576593, -0.4942022, -0.5980603
56, 1.2883618, 0.27121195, -1.9780049
56, 1.2132255, 3.762307, 0.9352115
56, 5.1685777, 0.59863573, -3.0622907
56, -0.84783393, 3.539341, -2.6096396
57, 2.194275, -0.34087503, 0.09038484
57, 2.0885952, -0.921197, 0.100158684
57, -2.9211106, -1.1233934, 1.0317281
57, -5.3816757, -3.0916014, 3.552769
57, 1.0489028, -0.10141585, -1.2999444
57, -2.0830035, -3.6108367, -0.6212732
57, -2.8636892, 0.63345504, 0.19972973
57, 2.1105864, -0.2975036, 0.97552854
57, 1.54126, 2.1196902, -0.8588997
57, 4.954775, 0.5015082, -0.4673351
57, 0.7068181, 2.9834535, -0.92181885
57, 1.831421, -1.6627873, 0.80570805
57, 0.5308889, -0.058044415, 0.8136493
57, -3.4684458, -0.7642046, 1.8337944
57, -7.448844, -2.4007127, 3.9852617
57, -0.044546127, -0.52657807, -0.28041038
58, -2.5961304, -0.60110366, -0.7758221
58, -1.4641969, -0.59560585, -0.59195167
58, 1.8809011, 0.26693588, -0.34088603
58, -0.24735339, 3.6004274, -1.9248596
58, 7.2290263, -1.7929018, -0.8002567
58, 0.6542837, 3.1367807, -2.5241184
58, 1.8332536, -1.9718852, -0.2290977
58, 1.2443795, -0.7367157, 0.48378208
58, -4.2986116, 0.7531846, 1.3139479
58, -5.538668, -3.0494514, 3.5332215
58, 0.23156497, 0.35367876, -0.18633711
58, -0.3420375, -1.9779938, 0.011583227
58, -1.690217, -0.4068485, -0.055001084
58, 0.6719988, -0.23886053, -1.0910286
58, 0.6206861, 4.2235103, -1.3842438
58, 5.5283775, -0.7061724, -0.46366993
58, 0.13871343, 3.8942537, -1.6224813
59, 1.6108987, -1.2693901, 0.5259318
59, 1.3024118, 0.80510813, 1.0182891
59, -2.7109728, -1.1582128, 1.2308702
59, -4.9015355, -1.3720155, 1.5027053
59, 0.988427, -0.6933443, -0.010407922
59, -0.09830227, -2.357952, 1.5051488
59, -1.5570484, -0.5430714, -0.49910012
59, 0.98170745, 0.19607553, -1.4502172
59, 1.3738829, 4.0390286, -0.74283534
59, 5.2785335, -0.767259, -1.6908982
59, 0.15765026, 1.499662, -1.9114206
59, 2.1606774, -0.22114544, 0.36588508
59, 0.44292435, -1.2223535, 0.9889676
59, -4.1373434, -0.08003556, 1.6474804
59, -5.1367188, -3.4019206, 3.7286983
59, -0.14106284, 1.5436443, -0.04034032
59, -0.23880127, -0.8637757, 0.9248268
60, 0.54188454, -1.0604743, 0.34694824
60, 1.4655129, 0.2987009, -0.68663573
60, 2.2620811, 2.8197417, -1.1093545
60, 0.8173847, 1.8050946, -2.3793433
60, -3.4495091, 5.1874557, -1.6890657
60, -3.6694205, 2.7586553, -0.75993955
60, -2.3591144, 1.1258124, -0.026901282
60, -0.6816786, 1.4349103, -1.0849199
60, -2.039021, 1.3377827, -2.1747034
60, -1.2198508, -1.7678562, -1.4941996
60, -0.14289543, 0.079400264, -0.59989285
60, 1.7080263, -1.8472687, -0.09715079
60, 0.78073287, 2.605328, 0.6994175
60, -0.14900409, 2.0195084, 1.1239688
60, -0.07447852, -0.9773966, 1.222929
60, 2.7544384, -7.652932, 3.0164294
60, 3.5167983, -3.1294749, 2.0873032
61, 1.8192037, -2.7635667, 0.40314785
61, -1.731145, -0.45327422, 0.8893966
61, -0.6279224, 1.1105407, -1.2913923
61, 0.4349831, -2.0708454, -0.22604334
61, -2.1813529, -0.21198246, -0.35249245
61, 1.5107168, -1.12095, -0.4942132
61, 1.2419361, 1.7232387, -2.4349322
61, 5.7733345, -1.5644381, 2.0787513
61, 1.2003973, 5.4403534, -4.2015543
61, 2.0733237, -0.86683, -0.57851255
61, 1.8454709, -0.100804985, 0.45446053
61, -4.060985, -0.45938286, 1.2290378
61, -4.7610364, -4.3286037, 3.6279056
61, -2.2723715, 0.17836043, -1.19793
61, -1.9968715, -2.5577052, 0.633444
61, -0.23391435, -1.2192992, 0.0140266875
62, 0.63840127, -1.0678047, -0.9853489
62, 1.7483433, 2.8802176, -2.4324884
62, 4.783122, 1.6688716, -2.7403648
62, 0.8143304, 3.3243165, -1.7794737
62, 2.1759489, -0.31949475, 0.8533555
62, 0.93161654, -0.37569433, 1.7323906
62, -4.6669636, -0.7703133, 2.6957252
62, -2.9033954, -0.9364686, 1.898546
62, -0.47154093, -0.8558344, -1.2920032
62, -2.302304, -0.8552236, -0.3640989
62, -0.0023964243, -1.243123, -0.7355049
62, 1.3525027, -0.6951769, -1.6365312
62, 1.3861002, 4.259551, -1.097748
62, 1.9212183, 3.4709241, -3.5925217
62, 2.211379, 0.41232184, -1.1301239
62, 1.6121204, -0.45449597, 1.712843
62, -2.6712666, -1.5277863, 4.1428647
63, -6.4329753, -0.012840387, 3.879582
63, -2.6132343, 0.502119, 0.71652174
63, 0.7147594, -0.1899913, -1.6157619
63, -1.3908931, -1.5809315, -0.8595106
63, 1.7043611, 0.30053347, 0.32617882
63, 2.4984858, 1.8112032, -1.338429
63, 5.4501867, 0.33901802, -2.1924186
63, 1.2052842, 4.776954, -4.3768725
63, 1.8277558, -1.220521, -0.20710653
63, 0.08068125, 1.7201843, 1.721395
63, -3.4922695, -1.4447085, 3.3731747
63, -4.990722, -3.2388198, 4.750065
63, -0.25162944, 0.57053596, 1.390306
63, -0.9840569, -1.4361564, -0.7746003
63, -2.9650927, -0.92913824, -0.53147596
63, 1.8912859, -0.77458936, 0.20950358
63, -1.0219306, 5.5179334, -1.6511921
64, 4.649342, 0.27670974, -2.1606536
64, 1.2058951, 4.000544, -2.1698167
64, 2.1093647, -0.41051367, 0.14963877
64, 2.335996, -0.3115535, 0.009750632
64, -2.2308328, -1.0519221, 1.5491312
64, -6.873409, -1.5216775, 4.3120747
64, 0.7624069, -0.25168872, -0.12708318
64, -2.2589326, -0.36408788, 0.80937326
64, -0.24674252, -0.975564, 0.6096203
64, 1.7660584, -1.3310876, -1.065983
64, -0.27606407, 5.4324126, -2.363461
64, 7.2644567, -1.3084856, -0.58278865
64, 0.069685675, 5.140419, -3.2235591
64, 2.7147322, -2.0067046, -0.26269528
64, 1.0818894, -0.4221201, -0.5174261
64, -4.9467397, 0.6694961, 0.31518325
65, -4.792191, -3.1166468, 5.187444
65, -2.093999, 0.8344297, -0.06905099
65, -2.4776223, -2.131321, 0.84297085
65, 1.23766, -1.7214304, 1.2925676
65, 1.7324609, 0.15881275, -2.2137988
65, 4.2644973, 2.4184034, 0.67742634
65, 2.9914541, 2.922367, -3.0048695
65, 1.1857364, 2.2986736, -1.6811244
65, 2.1759489, -1.0678047, 5.876524E-4
65, -0.5491208, -0.3060557, -0.24864537
65, -4.6223702, 0.2229536, -0.22665422
65, -4.2442446, -3.5888455, 1.9516913
65, 0.29448408, -0.5656735, 0.17040819
65, -0.14045197, -1.9382876, 1.1697837
65, 0.61702096, -1.6994393, 0.4636235
65, 0.6787183, 0.35245702, -2.6695044
65, 2.6353197, 1.4208604, -2.2278488
66, -1.5680441, 3.2894971, -3.6664364
66, 4.106283, -1.2455664, 1.132521
66, 2.321335, 1.5149336, 1.9150393
66, -1.2424529, -0.62553823, 1.9785694
66, -4.6223702, -0.57727987, 1.8557854
66, -3.362766, 0.58092064, 1.3328848
66, 0.4685807, -1.7092131, 1.0091262
66, -1.2253486, -1.125837, -0.771546
66, 0.9591055, -1.6719505, -1.1863235
66, 0.26882777, 0.92056173, -3.8283157
66, 2.8350728, -0.9590707, 3.8893557
66, 1.8014886, 5.591237, -2.458145
66, 2.0775998, 1.1673514, -0.67380756
66, 1.0672287, 0.21440148, -0.6774728
66, -2.1556966, -1.1374433, 1.3664823
66, -7.221602, -2.041524, 5.1636205
67, 0.6634467, 0.14170852, 0.10809994
67, -1.9095176, -1.6035335, -0.15212867
67, -1.3206437, -1.7782409, -0.6322687
67, 0.97010106, 0.10872179, -0.12097453
67, 0.56021047, 3.7873523, -2.5937572
67, 6.9486394, -0.9706771, -1.2669578
67, -0.70305884, 5.323678, -3.2101202
67, 2.8075838, -1.053144, 0.59007263
67, 0.9242861, 0.99508727, 0.62733537
67, -1.8826396, -1.8741467, 1.8337944
67, -6.1220446, -1.2993226, 3.7519112
67, -0.28950307, 1.3982583, 0.25592932
67, -0.99871767, 0.51555806, -0.37875968
67, -0.58455104, -2.3457348, -1.0879742
67, 0.3262491, -0.32499254, -1.3579767
67, 1.659768, 4.3212485, -1.233971
67, 5.5051646, 0.5222776, -0.38975525
68, 1.6530484, 2.4403946, -1.5675035
68, 1.9035032, -1.6340768, 0.5393708
68, 0.29020804, -0.34209675, 1.3958038
68, -3.484939, -0.66096836, 2.228413
68, -6.3786077, -2.5748093, 2.555837
68, 1.0934958, 0.5968031, -1.1099653
68, -0.07142419, -2.0213654, 0.27364442
68, -0.5417904, -1.3439158, -0.53086513
68, 0.15093076, 0.44897372, -1.4917561
68, 1.3451724, 3.951064, -0.6255492
68, 4.063523, 1.5473094, -1.2492427
68, 0.71292675, 3.484363, -2.2370117
68, 1.690922, -0.7984131, 0.64443964
68, 1.8851771, 0.22478619, 1.1031995
68, -5.458645, 0.91139877, 2.5411763
68, -3.4916587, -1.3011552, 2.242463
68, -0.6529679, -0.5082521, -0.6505947
69, -1.8056706, -0.5479583, -0.835076
69, -0.70122623, -2.1197145, -1.274288
69, 0.89862984, -0.508863, -2.0158784
69, 1.4923909, 2.2662978, 1.6914626
69, 3.5332916, 2.3493755, -2.861316
69, 1.4618475, 1.5668572, -1.6004901
69, 1.2840859, -0.6359229, 0.6664308
69, -0.56194896, -2.000596, 1.6920735
69, -3.961414, -0.26634946, 2.4513788
69, -5.5734873, -2.081841, 3.6059144
69, 1.287751, -1.3378072, -1.5583404
69, -2.0463517, -1.0006095, -1.1673868
69, -0.53446007, 0.17836043, -0.046448972
69, 2.4380102, -0.27551246, -0.812474
69, 3.2412982, 3.4965806, 0.026854858
69, 3.6298084, 2.7030663, -2.5864267
70, 0.60785794, 2.918702, -1.5449014
70, 1.9371006, -0.09958325, 0.53814906
70, -1.2668874, -1.8692598, 1.9168719
70, -5.08113, 0.32741156, 2.6438015
70, -1.9321197, -2.0195327, 2.1325073
70, 0.29265147, -0.7312179, -0.72817457
70, -2.0359669, -1.1099544, 0.24126856
70, -0.3017204, -0.10508104, -0.40013996
70, 0.9090145, 0.116663046, -1.3176595
70, 6.431847, 1.4147518, -1.9248596
70, 0.87847126, 4.518558, -4.5082083
70, 1.17413, 0.45324978, -0.7965915
70, 1.4899474, -0.6707423, 1.3786995
70, -0.72077394, -0.6744075, 1.3341064
70, -5.2283487, 0.715311, 2.243074
70, -3.6022253, -1.6224704, 1.5564615
70, 1.0287441, -1.4373782, -0.33477738
71, -1.9577761, -1.505795, -0.22665422
71, -2.1813529, -0.13806777, -0.413579
71, -0.36891556, 0.6304007, -0.99756616
71, 0.5119521, 4.4312043, 0.24126856
71, 2.5760658, 2.6352606, -1.9450182
71, 1.2309406, 1.7861577, -0.78009814
71, 3.9822776, -1.4367673, 1.4251254
71, 3.1295097, -1.2199101, 0.27792048
71, -2.2821455, -0.9175318, 2.1410596
71, -4.9045897, -0.9609033, 4.5429816
71, -0.9138074, -0.26146257, -0.5669062
71, -3.0127401, -0.6438642, -0.6878575
71, -1.8007836, -1.4911343, -0.82957816
71, 0.5999167, 0.8753577, -0.7403919
71, 1.7691128, 4.0817895, -1.3512571
71, 5.621229, -0.9431882, 0.04456995
71, -0.35608742, 4.4806848, -2.0800192
72, 1.2327731, -0.6518054, 0.37321547
72, 2.492988, 0.08917411, -0.10142684
72, -1.9950389, -2.3158023, 0.973696
72, -6.098221, 0.32985502, 1.6407609
72, -3.9168208, 0.36772868, 0.53509474
72, 1.0391288, -0.30300137, -0.42457455
72, -1.0793518, -1.1069, 0.27669874
72, 0.22362372, -1.4618127, -0.76971346
72, 1.1613019, -0.22419977, -1.0806438
72, -0.30233127, 3.1709893, 0.9407093
72, 4.007323, 1.9400958, -2.0482545
72, 0.97193366, 2.0824275, -0.73000723
72, 2.3915844, -0.95784897, 0.32251364
72, 1.3543353, -1.1514932, 0.6584895
72, -3.3945312, -2.169195, 1.7360557
72, -6.858137, -3.4086404, 3.621186
73, 0.11000278, 0.88329893, -0.4202985
73, -0.28339443, -2.1398733, 0.042126488
73, -3.2332628, -1.215634, -0.33599907
73, -1.0970669, -1.66462, -0.36348805
73, -0.31821373, -1.3103181, -1.202206
73, -1.296209, 2.6719124, 0.5827423
73, 2.9719064, -0.19243477, -2.1753144
73, -0.14411716, 1.5137119, -1.6768483
73, 2.2516963, -0.6408099, -0.6524273
73, 0.9939248, -2.1893532, -1.6615766
73, -4.57961, -0.043383647, -0.7159573
73, -7.2503123, -0.8185716, -0.22482163
73, 2.5632377, -3.0665557, -1.9303575
73, -2.5393198, -1.9199617, -3.853972
73, 0.06418789, -0.99938774, -4.3310575
73, 2.2339811, 2.3304386, -3.8063245
73, 2.2290943, 7.2265234, -2.7055454
74, 1.3457832, 6.032893, -2.50396
74, 1.872349, 3.5472822, 1.9773475
74, -0.35547653, 3.0879116, 2.0677557
74, -2.891789, 0.81549287, 0.8417491
74, -2.353006, -1.7257066, 0.7757756
74, -0.83134055, -0.8717169, 0.11909551
74, 0.75507647, -1.1533258, 0.4373563
74, -0.81301457, -0.0953072, -0.99634445
74, -0.7152762, 0.22478619, -0.84851503
74, -0.5613381, 1.2052249, 0.22599693
74, 0.46247202, 1.3616065, 1.200327
74, 1.2431579, 1.8735114, 0.40192613
74, 0.31952956, 1.3164023, 0.0060854396
74, -0.25712723, 1.4416298, -0.10692463
74, -0.55217516, -0.2920058, 0.5094384
74, -0.13739765, -1.877812, 1.1288557
74, 0.41115934, -3.8063135, 0.8997813
75, -0.0011746938, -1.8026755, -1.7574825
75, -1.8551507, -4.1160226, -2.5595486
75, -2.0133648, -2.6902628, -1.8258994
75, -1.8386574, 0.5326623, -2.9303439
75, -1.1184473, 1.4911098, 0.55464244
75, -2.267485, 0.9987524, 0.85824245
75, -2.061623, -2.5735874, 3.0732398
75, -3.3083992, -3.5265374, 2.7525356
75, 0.43681568, -3.854572, 3.1300502
75, -1.9131829, -2.7421863, 1.0292847
75, -2.3053584, -3.5198178, -0.16312423
75, -1.5668223, -2.0525196, -0.58828646
75, 0.7257549, -3.5754066, 0.68292415
75, -2.125153, -0.45632854, -0.26513875
75, 0.13016133, 0.15453668, -1.8753796
75, 2.185112, 3.7458134, -2.2657225
76, 3.685397, 1.8472443, -0.40930292
76, 0.77279156, 1.5888482, 0.24310115
76, 1.6206725, -0.3659205, 1.1203036
76, 1.8014886, -0.604158, 1.182612
76, -2.492894, -0.27184725, 0.6346658
76, -4.4372783, -3.4636183, 2.7146618
76, -1.6761672, -0.15211765, 0.43124765
76, -0.045767855, -2.6444478, 0.26570314
76, -1.1673164, -0.42700702, -0.66647714
76, -0.4862017, 0.12704775, -2.3500218
76, 0.52539116, 5.0585628, -2.689663
76, 5.0561786, 0.003652974, 0.6847567
76, 0.6066362, 3.027436, -0.24253671
76, 1.8711274, 0.262049, 1.127634
76, -0.69328505, 0.31519425, 1.4348993
76, -5.7298694, -0.25046697, 2.790409
76, -0.60654217, -0.62859255, -0.47771984
77, -0.22291878, -2.3964365, -0.43679187
77, -0.8704359, -1.1081219, -0.2706365
77, -0.8502774, 1.2186639, -0.052557625
77, 2.0568304, 0.19974072, -1.8185691
77, 6.287683, 0.36956125, -0.11547674
77, 0.13321565, 4.495345, -2.0378697
77, 2.4771056, -2.2143986, 0.095271766
77, 0.26821688, 0.56687075, -0.34210774
77, -2.1153793, -0.7098377, 0.32190278
77, -5.38473, -2.3762782, 2.9828317
77, -2.1795204, 0.17408438, 0.24859893
77, -1.7714622, -1.868038, 0.37016115
77, -0.6529679, -1.6530136, -0.3799814
77, -0.4300021, -0.10202671, -1.4978647
77, 1.0440158, 4.287651, -1.7385457
77, 4.2919865, 0.57053596, -1.9578463
77, 2.0275087, 3.0830247, -0.9774076
78, 2.951748, -0.17594141, 0.31029633
78, -0.45993447, -0.22603236, 1.8282965
78, -4.7604256, 0.15026064, 1.3237218
78, -3.2155476, -2.4318666, 1.291346
78, 0.6567272, -2.1911857, -0.47038946
78, -1.5155096, -2.9303327, 0.4373563
78, -1.9510565, -0.057433553, 0.012804957
78, -0.04943305, 2.8020265, -2.2608354
78, 4.401942, 2.2241483, -1.1759388
78, 0.3714531, 4.786117, -2.5332816
78, 3.1319532, -1.0757459, 0.010972362
78, 1.4746758, 0.39094153, 0.89550525
78, -0.98772204, -1.4917451, 2.3829622
78, -4.12085, -0.3237708, 3.2283998
78, -3.1104789, 1.4233038, -0.7471114
78, -0.92663556, -2.0354152, 0.015859284
78, -0.9767265, -0.2645169, -0.6658663
79, 0.8717518, 0.2791532, -0.86806273
79, -0.38296548, 5.158745, -1.6310334
79, 5.4068155, -0.027501155, -0.35249245
79, 1.5827988, 3.1557176, -0.7043508
79, 1.3323442, -0.712892, 0.8845096
79, 0.24928007, -1.1759279, 1.9327544
79, -3.0805464, 0.32863328, 1.7934772
79, -4.4305587, -4.1893263, 4.514271
79, -0.62303555, 0.75990415, -0.8405738
79, -1.5924786, -1.1661539, 0.021967936
79, 0.85770184, -0.42028752, -1.0537658
79, 1.0250789, 0.9022358, -2.834438
79, 2.3476024, 4.7390804, -1.4007372
79, 1.1771843, 3.371964, -1.9743397
79, 2.7947557, 0.15026064, -0.044005513
79, 1.5620294, -0.1673893, 0.7110239
80, -1.622411, -0.46426982, 1.7635448
80, -3.2552538, -1.3274224, 1.7177298
80, -2.7256339, -1.5534425, 0.9541483
80, -0.94007456, -1.6334659, 0.24737722
80, -1.3817301, -1.9706634, -0.3799814
80, -0.63464195, 1.2082793, -1.0580418
80, 0.5809799, 1.9199373, -2.8686464
80, 2.5681245, 4.1214957, 0.63100064
80, 1.8326428, 3.2186368, -1.9584571
80, 1.3091313, -0.97373146, -0.5467476
80, 1.3457832, -0.019559907, 0.6175615
80, -0.79896474, -0.91875356, 2.8478305
80, -4.9937763, -0.19304565, 2.605317
80, -2.4727356, -1.6126964, 1.1697837
80, -0.8221776, -1.5619947, 0.18567982
80, -0.83500576, -1.4227175, -0.28835163
80, -0.38113287, -0.045216244, -1.0830873
81, -0.8460013, 2.8838825, -2.6139154
81, 4.2577777, 0.76112586, 0.36344162
81, 1.4661237, 2.8612804, -2.0610826
81, 1.8216472, 0.0910067, -0.8100305
81, 1.0208029, 0.26754674, 0.61328554
81, -0.22780569, -1.6414071, 2.089136
81, -4.8935943, -1.3408614, 4.944931
81, -1.7464168, 0.5729794, 0.89184004
81, -0.8936488, -0.9584598, -0.37204015
81, -2.2503805, 0.06596123, -0.7556635
81, 0.17719795, -0.34942713, -0.98107284
81, 0.2309541, 5.158745, -2.4502037
81, 6.17956, 0.009761626, -0.30667755
81, 1.6835917, 1.8521312, -0.5913408
81, 0.8357107, 0.40621316, 0.015859284
81, 1.9523723, -0.7910827, 1.2565266
82, -1.7280906, -1.0097724, 2.3634143
82, -5.1642075, -3.056782, 2.7397075
82, -0.14228456, 1.1068757, -0.80331105
82, -0.21070148, -1.2443447, 0.25592932
82, 0.6671119, -1.1942538, -0.040951185
82, 1.5302645, 0.11116526, -0.4746655
82, -0.5417904, 2.918091, -1.7061698
82, 3.4062316, 0.92422694, -1.4764845
82, 0.2834885, 2.2204828, -1.0287204
82, 1.1710757, -2.5479312, 0.069004565
82, 0.16620238, -0.73793745, 1.0463889
82, -2.108049, -1.6218596, 2.356695
82, -5.46231, -2.2699876, 4.780608
82, -0.19420812, 0.6646092, -1.8405602
82, 0.023870781, -2.680489, -0.8582889
82, -0.026220169, -0.23458447, -0.35065985
82, 1.568138, 0.83137536, -1.7550391
83, 3.083695, 3.9724445, -0.535752
83, 1.5357622, 3.2876647, -3.6804864
83, 1.6359442, 2.0323365, -1.4251719
83, 2.3995256, -0.79230446, 1.4556687
83, 0.1784197, -0.034220673, 2.7433724
83, -4.9516263, 0.42759344, 3.209463
83, -4.3175483, -1.4355456, 1.4801033
83, 0.5223368, -0.98411614, 0.026854858
83, -1.7855121, -0.8790473, 0.21866655
83, -1.7048779, -0.6939551, -0.12647232
83, -0.06836987, -0.060487878, -0.8106414
83, 3.4245577, 5.101323, -0.76238304
83, 4.8301587, -0.70250726, -2.4550905
83, -1.1318862, 4.1080565, -3.0726752
83, 1.7147458, -1.1020131, -0.0091861915
83, 2.7367234, 0.19057775, 1.0500542
83, -4.5533423, -0.19732168, 2.4642072
84, -5.103732, -3.4685051, 4.359722
84, -0.07081333, 0.07023729, 0.1545257
84, -2.3230734, 0.1734735, 0.11848464
84, -0.27972925, -0.5186368, -0.99695534
84, 1.1686321, 0.9712635, -2.2797723
84, 1.7068045, 3.8539364, 0.22294259
84, 3.2260263, 1.368326, -1.8784338
84, 0.13199392, 2.333493, -0.948697
84, 2.0360608, -0.79474795, 0.8173145
84, 0.71292675, -1.4440976, 1.1056428
84, -6.503224, 0.15942362, 2.0030038
84, -3.9870703, -1.4563149, 1.5295833
84, -3.2399821, 1.1557449, -1.2553513
84, -5.3511324, 3.2730036, -1.7929127
84, -1.6211894, 1.8044838, -1.733048
84, 0.6066362, 3.370742, -0.6414317
84, 0.60846883, 2.3958013, 1.6590868
85, -0.56866854, 1.4605665, 0.8185362
85, -0.84844476, -0.30972087, 0.35977644
85, 1.2633164, -1.0671939, 1.7641556
85, 1.2614838, -1.7220414, 0.53081864
85, 2.0403368, -1.2504534, -1.6175944
85, -1.3579063, 0.36650693, -0.7935372
85, 1.3036335, -1.5662707, -0.8088088
85, -2.4318075, 1.4990511, -1.3262117
85, 0.51622814, 0.03725056, -0.42152023
85, 0.80394566, 1.5870157, 0.55464244
85, 3.7409859, -2.1710274, 1.9651302
85, 3.6041522, -1.0397048, 1.2766852
85, 2.2871265, -2.2192857, 1.8863286
85, 4.247393, -1.764191, 1.2406441
85, -1.6963258, -1.6139182, 1.8906047
85, -4.7940235, -1.3872873, 4.288251
86, 1.0507352, -0.32865772, -1.0806438
86, -2.9357712, -0.038496725, -0.22726509
86, -1.912572, -0.5894972, -1.1661649
86, 1.6292247, 0.55221, -0.952973
86, 0.8436519, 5.538092, -1.1527259
86, 7.975504, -0.96640104, 0.20950358
86, -0.11113044, 4.627292, -1.9517376
86, 1.0733373, -1.8851423, 0.08610879
86, 0.98537266, -0.32987946, 1.2925676
86, -5.002939, 1.3933715, 1.2699655
86, -4.505084, -2.717141, 1.5503528
86, -0.72749346, 0.37811336, -0.50704134
86, -0.5729446, -1.6352985, -0.13441357
86, 4.7036625E-5, -1.1960864, 0.022578802
86, 1.0317985, -0.24069314, -0.26513875
86, 1.9853591, 4.4214306, -0.5149826
86, 2.9694629, 1.8887831, -2.131332
87, -0.07508939, 3.4574852, -1.5839968
87, 2.3866975, -1.483193, 0.37321547
87, 1.981083, -0.09164201, 0.53326213
87, -3.7066834, -2.1239908, 1.9040437
87, -3.3700964, -3.659095, 1.9571891
87, -0.67007214, 0.10750007, -1.053155
87, -2.3181865, -1.229684, -0.96091425
87, -1.6975474, -1.6524028, -0.9364796
87, 0.8112761, 0.5057842, -0.6078341
87, -0.83867097, 5.3248997, -0.9951227
87, 8.010934, -1.5534425, 0.56197286
87, 0.31219918, 3.0628662, -1.3543113
87, 0.9810966, -0.80940866, 0.26203796
87, 1.3066877, -0.23702794, 0.80509716
87, -3.8807797, 0.62062687, 1.9663521
87, -5.049976, -2.4886773, 1.1429056
87, -0.30416384, -0.93463606, -0.39830735
88, -0.124569476, -2.793499, 0.002420248
88, -1.2461181, -0.6389772, -0.3268361
88, 0.3060905, -0.7703133, -1.6487485
88, 1.242547, 5.07811, -0.9792402
88, 6.0989256, -0.617597, -0.093485594
88, -0.53446007, 4.3566785, -1.668907
88, 1.1252608, 0.067793824, 0.91566384
88, 2.5852287, -0.7110594, 1.3267761
88, -5.181923, 0.41354355, 1.9364196
88, -2.9803646, -2.299309, 1.5741765
88, 0.77523506, -0.35614666, -0.698853
88, -2.5802479, -0.41784406, 0.0048637087
88, -1.9284546, -0.9285274, -0.889443
88, -0.39029586, 0.44042164, -0.99573356
88, -5.037759, 9.965033, -0.3518816
88, -0.271788, 1.6273328, -0.8271348
89, 1.3824351, 2.4208467, 1.0189
89, 6.4984317, -4.9376364, 2.8356133
89, 4.7770133, -3.6572626, 1.9602435
89, -4.557008, -0.3060557, 1.962076
89, -3.236928, -2.7843359, 0.61878324
89, 1.4355804, -0.41784406, -0.58584297
89, 0.2327867, -2.127045, 0.100158684
89, -1.5967548, 0.5619838, 0.6499374
89, 1.7819409, -0.89615154, -0.75871783
89, 0.18636093, 3.51735, -1.846058
89, 5.270592, 0.660944, -0.038507726
89, 0.75202215, 4.387833, -2.1704276
89, 2.0244544, -1.3439158, 0.075113215
89, 2.5577397, -0.43006134, -0.025068687
89, -3.196, -1.9987633, 1.8698354
89, -5.833105, -0.7825306, 3.7158701
89, -1.4684731, -0.4575503, 0.4532388
90, -0.951681, -0.45632854, -0.13991135
90, 0.6555054, -1.3054312, 0.6749829
90, 2.0574412, -0.69700944, 0.25654018
90, 1.0244681, 1.7043017, -2.2254052
90, 5.820982, -0.08858768, -0.64021
90, 1.2859184, 3.7763567, -3.0836709
90, 0.91512316, 0.97309613, -2.0335937
90, 3.1362293, -1.179593, 0.31090719
90, -3.5099847, -1.5314515, 2.5130763
90, -6.5123873, 0.8735251, 3.7506895
90, -3.6596467, -1.6725613, 2.4128945
90, 0.40260723, -0.5174151, 0.0011985175
90, -2.4678485, -0.079424694, -1.093472
90, -1.5924786, -0.7855849, -1.0580418
90, 1.4484086, 0.16797572, -1.2254189
90, 5.565029, 1.1380298, 0.79959935
90, 0.1344374, 2.2717957, -3.133762
91, -0.54362303, 1.1416949, -2.6786673
91, 3.748927, 0.43003693, 1.7653773
91, 2.3201132, -1.3897306, 1.8380703
91, -5.809892, 1.7140757, 0.98652416
91, -2.610791, -2.6584978, 1.2021595
91, 0.16192633, 1.282194, -1.1105762
91, -1.1379949, -1.0879632, -0.7361159
91, -0.6993937, -1.578488, -0.70740515
91, 0.8460954, 0.009761626, -0.77826554
91, -0.23208176, 4.7965016, -1.1234044
91, 4.651786, -2.394604, 1.4147407
91, 1.868073, 2.6083822, -0.7025182
91, 2.0201783, -0.34942713, -0.03667513
91, 1.0812786, -0.2584082, 0.27303353
91, -2.352395, -2.0738997, 1.9785694
91, -4.347481, 0.3353528, 2.0695882
92, -3.9241514, -0.84239537, 0.8612968
92, 1.4813952, -0.66341186, -0.6035581
92, -2.4898396, -1.5546643, -0.2761343
92, -0.3121051, -1.451428, -0.50704134
92, 2.1331885, -2.1710274, -1.4978647
92, -0.83195144, 4.1630344, -2.8845289
92, 2.4062452, -0.89370805, 0.07450235
92, 2.0794325, 1.9107744, -0.9132668
92, 3.4459379, 0.4862365, 0.4972211
92, 2.9603, -1.1966972, 1.4532253
92, -3.4598937, 0.6432289, 1.889383
92, -3.5881753, -1.9437854, 1.9669629
92, -3.5997818, 2.574174, -0.75688523
92, 3.0317712, -1.2192992, -1.2632924
92, -0.54850996, -0.7776437, -0.2058848
92, -3.209439, 0.4391999, -1.701283
92, -0.6804569, -1.1606561, -1.696396
93, -0.016446326, 3.8123977, -0.16862203
93, -0.6688504, -3.1734574, 0.9400984
93, -0.90892047, 5.648048, -0.6060015
93, 2.7605472, -3.840522, 2.7354314
93, 5.5137167, -3.1667376, 0.18690155
93, -5.0237083, 1.1319212, 0.30846375
93, -6.3254623, -2.0671802, 3.376229
93, 2.7043474, -1.5626055, 2.5540044
93, -0.5314057, -2.2742634, 1.8716679
93, -4.697507, 2.170392, 0.18140376
93, -1.1178364, -0.6408099, -0.8191935
93, 0.11366797, -2.4660752, -1.2034278
93, 0.7459135, 1.571744, 0.090995714
93, -1.1349405, 3.217415, -1.9932765
93, 3.2981083, 0.42026305, -1.4099002
93, 2.4435081, -3.2736392, -1.1050785
93, -2.434862, 0.1789713, -1.5949923
94, -3.4330156, -0.20404121, -1.1093545
94, -6.0664554, 1.5509746, 1.3994691
94, 1.2981358, -1.8442143, 0.2070601
94, -0.29255742, -0.53940624, 0.66215473
94, 0.032422893, -1.2211318, -1.6701288
94, -0.18137994, 0.32924414, -2.4312668
94, 2.6218805, 0.91995084, -2.6004765
94, 0.89862984, 2.3188322, -2.870479
94, -1.5894244, 1.2571484, -0.90410376
94, 2.474662, -2.6768236, 0.44896275
94, 0.956662, -4.0482163, 3.2387843
94, -6.273539, 1.0213544, 2.7855222
94, -4.141619, -2.1960728, 0.5650272
94, -0.81973416, -0.3433185, -0.4398462
94, 0.3293034, -3.3170104, -0.4661134
94, -1.065302, 0.9107878, -0.67319673
95, 1.1069348, 0.004263839, -2.3744564
95, 3.676845, 2.4629962, -1.6444724
95, 2.474662, 2.2797368, -2.3457458
95, -1.6175241, 0.72508484, -1.9993851
95, -0.41167614, -0.25291044, 1.6706933
95, 1.8393623, -2.6194024, 3.4861848
95, -5.938174, 1.3744346, 2.143503
95, -2.1013293, -3.136805, 1.9107633
95, 0.059300963, 1.6322197, -0.6683098
95, 0.44597867, -0.8149064, -0.24253671
95, 0.28837544, -0.726331, -0.5259782
95, 0.6634467, -0.07392691, -2.1172822
95, 5.70675, 1.5161552, -0.73306155
95, 0.3433533, 4.092174, -1.940742
95, 0.34824023, -0.021392502, -0.06905099
95, 2.7831492, -0.7752002, 1.7299471
95, 0.20957382, -2.1349864, 1.2650788
96, -6.117769, 0.83015364, 0.26448146
96, -3.0029666, -3.9571972, 2.4672616
96, 1.5119385, -2.535714, 0.26814663
96, -2.973645, -1.6524028, -1.170441
96, -1.9712151, -0.90592533, -2.0427566
96, 1.7110806, 0.8631404, -1.7470977
96, 0.35129455, 4.9327245, 0.3493917
96, 4.4312634, 2.4892638, -1.7434326
96, 2.7752078, 1.7641666, 0.073891476
96, 2.4557254, 0.26937938, 1.1239688
96, -0.3530331, -0.7782545, 1.1074755
96, -5.9589434, -0.47954145, 1.5185878
96, -3.929649, -1.3042095, 0.61633986
96, 1.450852, -2.1007779, -0.02751215
96, -2.8569698, -1.651181, 0.35488948
96, 0.89985156, -0.54673666, -0.18633711
97, 0.89985156, 2.0555494, -2.6420155
97, 5.8277016, 0.36284173, 0.51860136
97, 0.245004, 4.7739, -2.643848
97, 1.0849438, -0.7318288, -0.24681278
97, 0.5388302, 0.36833954, 1.4715512
97, -0.3334854, -2.5241075, 1.9376414
97, -8.048102, -1.9578353, 3.5900316
97, -0.39762625, -0.6029362, 0.25592932
97, 0.8894669, -2.8325942, 1.2827939
97, -3.4110243, -0.3115535, 1.0121804
97, 3.050708, -1.7263174, -0.63776654
97, 1.3182942, 1.59007, -3.5460958
97, 5.3811593, -0.03971846, -0.79781324
97, -1.0372021, 6.798307, -2.7134867
97, 3.876598, -1.6023117, 0.02013534
97, 1.4142001, 0.83198625, 0.21439049
97, -2.819707, 1.2223291, -0.71107036
98, -6.7713943, -1.3445266, 2.9669492
98, 1.3842677, -2.3939931, 0.53753823
98, 0.2572213, -4.9211426, -0.18633711
98, -1.4092191, -1.2419013, 0.642607
98, -0.6291442, 0.18630168, -1.4966431
98, -0.5197993, 4.6004143, -2.2241836
98, 5.0903873, 0.6591114, -0.64021
98, 0.28776455, 3.3285925, -0.53514117
98, 1.7013068, -1.011605, 0.61633986
98, 0.5925863, -0.9743423, 1.172838
98, -3.9424772, 0.5002864, 0.63161147
98, -5.4012237, -3.0861034, 3.090344
98, -0.8606621, -0.17349795, -0.5149826
98, -1.985265, -0.73243964, -0.43434837
98, 0.7990588, -1.9150747, -0.56324095
98, 0.60724705, 0.73852384, -2.7678537
98, 1.2346057, 3.3774617, -1.0464355
99, -0.17588216, 3.5503366, -1.6719614
99, 0.8112761, 2.5894456, -0.007353596
99, 4.07574, -1.0665829, 1.7061235
99, 0.6884922, -1.2913814, 1.4562795
99, -6.247272, 0.54487956, 0.74767584
99, -0.8081277, -0.4068485, 0.15941261
99, 0.4245984, -0.98350525, -0.35676852
99, -1.4684731, -1.4453193, -0.32317093
99, 0.1429895, -0.09591806, -0.090431266
99, 3.1105728, -1.6493484, -1.0183356
99, 0.99758995, 3.3481402, 1.1960509
99, 4.636514, -0.5638408, -1.338429
99, 0.6396229, 1.9303219, -1.3799678
99, 2.0024633, -1.2327383, -0.38242486
99, -1.114782, -1.2284623, 0.24126856
99, -3.5374737, 0.79594517, 1.3341064
99, -4.687122, -3.6774209, 4.130037
100, 0.024481645, 0.5754228, -1.415398
100, -3.526478, -0.8521693, -1.1154631
100, 2.2810178, -1.0928501, -0.23826067
100, 0.44842213, 2.6749668, -3.5247157
100, 5.6365004, -1.016492, 0.687811
100, 1.1325911, 4.2369494, -2.766021
100, 1.3531135, 1.354276, -0.064164065
100, 1.7617824, 0.09894795, 0.9425419
100, -3.1862261, -0.91325575, 1.2052139
100, -5.3883953, -2.7311907, 3.5374973
100, -0.87104684, 0.8411492, 0.0048637087
100, -1.2705526, -1.6316333, 0.11237599
100, -2.266263, -1.0910176, 0.0140266875
100, 1.6524374, -0.60904485, 0.82159054
100, 1.015916, 1.0085263, -2.0702455
100, 6.664587, -1.7238739, -0.58523214
101, 0.088622496, 4.9394445, -3.0091455
101, 1.3653308, 0.25777292, -0.20466307
101, 3.6450799, -0.42578527, 0.4917233
101, -0.60532045, -1.2034167, 0.77027786
101, -5.4482603, 1.6536, 0.31579414
101, -5.6730585, -4.112357, 2.0243843
101, -0.90586615, -0.29322755, -0.49910012
101, -0.878988, -2.0971127, 0.71591085
101, 1.3763264, -2.1374297, 0.16124521
101, 0.55776703, 0.6432289, -2.386674
101, 3.5803282, 1.27242, 0.425139
101, 1.9242725, 4.037196, -2.4642537
101, 2.3585978, -0.6902899, 0.18812327
101, 2.860729, -0.608434, -0.43129405
101, -3.395753, -0.381803, 0.08305446
101, -5.072578, -1.5668815, 1.9125959
101, -1.133108, -2.5015054, 1.7647665
102, -1.3511869, -1.4282153, -0.27552342
102, -2.979143, -1.6902764, -0.43007237
102, 1.890675, 0.2266188, 0.9199398
102, 1.1441976, 2.541798, -1.6053771
102, 7.4281683, 0.13071296, -3.4104838
102, 1.437413, 5.3291764, -4.1423
102, 2.6676955, -0.13867864, 0.50516236
102, 0.57975817, 0.74341077, 1.875944
102, -3.9443097, -2.3206892, 2.8569937
102, -4.517912, -4.089144, 4.4892254
102, -1.5576593, 1.5289835, -0.78009814
102, -1.3316392, -1.0201572, -0.42640716
102, -1.3102589, -1.6640092, -0.27308
102, 0.68727046, 0.75990415, -0.7245094
102, 0.5693735, 4.6926546, -2.5112903
102, 6.196664, -0.30483398, -0.72512025
102, -0.5350709, 3.8600452, -2.52534
103, 0.022038186, -2.0109806, 0.29930076
103, 1.7000849, -1.4990755, 1.3701476
103, -2.5716956, -2.9187262, 2.5387328
103, -7.5447497, -0.7642046, 3.598584
103, 1.1496954, -0.1337917, 0.6212267
103, -2.2290003, 0.20340592, -1.3921851
103, -1.5619354, -0.7275527, -1.3078858
103, 0.739194, -0.0030665435, -0.56996053
103, 2.0323958, 1.6364957, -1.5381819
103, 8.433042, -1.2473991, -1.5577296
103, 0.9633815, 5.0096936, -5.601047
103, 2.094093, 0.015259414, -1.0775895
103, -0.39762625, 0.04152662, 2.5338457
103, -4.3743587, -1.3781242, 3.2235126
103, -5.874033, -3.1496334, 5.1538467
103, -0.5906597, 0.6798808, 0.39215228
104, -1.4434274, -1.4587585, -0.67197496
104, -2.9754775, -1.4715866, -0.9364796
104, 0.24622573, -0.15517199, -0.69396615
104, 2.0879843, 1.6884193, -2.2431204
104, 6.8661723, 0.13743247, -1.5754447
104, 0.5296672, 3.0451512, -2.7079887
104, 0.9468882, 1.0292958, -0.8069762
104, 2.8173578, 0.40865666, 0.15330397
104, -0.65785486, -0.1374569, 3.0029902
104, -4.1177955, -3.319454, 5.8765006
104, -1.6981584, 1.1728489, -0.28835163
104, -3.6242166, -0.059266146, 0.14902791
104, -3.0848224, -0.94990766, -0.2834647
104, 0.1167223, -0.49725652, -0.2602518
104, -0.60654217, 3.212528, -2.879031
104, 7.9907756, -1.1349999, -0.33172306
104, -0.15266928, 4.0188704, -2.5454988
105, 1.568138, -0.59682757, -0.4960458
105, 0.66955537, -0.45816118, -0.3482164
105, -2.1361487, -1.84116, 2.6810644
105, -8.007786, 0.9969199, 5.5906157
105, 0.094731145, -0.68479216, -0.74344623
105, -1.2357334, -1.8210014, -0.6805271
105, -1.4684731, -1.0360397, -0.12708318
105, 2.062939, -0.17288709, 0.11848464
105, -0.28950307, 2.3774753, -2.952335
105, 4.835656, 1.6438261, -1.5998793
105, -0.119071685, 3.8331673, -1.4966431
105, 3.2101438, -0.15395026, 1.0274521
105, 0.2608865, 0.93522245, 0.8826771
105, -3.6291032, -0.25168872, 1.0940365
105, -6.3572273, -3.4959939, 5.498986
105, 1.351281, -0.28406453, 0.94498533
105, -1.2125205, -1.6059769, -0.2462019
106, -2.784277, 0.64933753, -1.3011662
106, 0.8949646, -0.33843154, -0.6652555
106, 1.2229992, 2.9797883, -3.2907543
106, 4.9150686, -0.023835963, 0.4440758
106, -0.8105712, 4.8111625, -2.4111085
106, 1.5583643, -0.07087259, -0.1515178
106, 3.2315242, -1.3628526, 0.8380839
106, -1.1599861, -2.026863, 0.932768
106, -5.7561364, 0.93705505, 1.2724091
106, -0.66823953, -0.049492303, 0.393374
106, 0.33174685, -0.63225776, -0.31584054
106, -3.3236706, 0.04580268, -0.28651902
106, 0.14115691, -0.46976757, -0.29507113
106, 2.0403368, 1.4434624, -2.1710384
106, 4.3341355, 2.143514, 0.9559809
106, 0.95055336, 3.9229643, -1.98167
107, 1.7300174, -0.28528628, -0.33844256
107, 1.3048552, 0.11849564, 0.5314296
107, -1.6034743, -1.7483085, 1.7818707
107, -5.5203424, -2.0128133, 3.729309
107, -2.7360184, 0.8997923, 0.5955704
107, 0.0709074, -1.2455664, -0.07271618
107, -2.2424393, -0.9804509, -0.42946148
107, 0.74163747, -0.76664805, -0.015294843
107, 0.5113413, 2.2669086, -2.3060396
107, 3.453879, 0.34879184, -0.544915
107, 2.2926242, 2.5992196, -1.5705577
107, 2.2718549, 1.689641, -0.23703893
107, 3.349421, 0.2229536, 0.6096203
107, -3.3181732, -1.6591222, 1.1514578
107, -6.960762, -2.240666, 3.7580197
107, -0.20703629, 0.06596123, 0.5711358
107, -0.47642785, -1.8075625, 0.54059255
108, -3.5808449, -0.96640104, -0.22604334
108, 0.68482697, -0.5717821, 0.09771523
108, -0.012781134, 3.235741, -1.7556499
108, 4.9120145, -1.4550933, -0.75993955
108, -0.92541385, 3.2155826, -2.3329175
108, 1.7251304, -1.9676092, -0.6774728
108, -0.44221938, -0.5644517, -0.6224949
108, -2.610791, 0.08550892, 0.6896437
108, -2.9088933, -2.6658282, 4.1404214
108, 3.328652, 1.3011308, 1.621824
108, -3.0243466, -1.1728735, 0.43613458
108, -2.4085946, 1.1331428, 0.009750632
108, 3.1026316, -0.9963334, -0.96091425
108, 1.8100407, 2.3273842, -1.6817353
108, 5.6065683, -1.759304, -0.74405706
108, 0.7569091, 1.1581882, -2.6853867
109, -1.9925953, -0.7275527, -0.88516694
109, -1.8178879, 1.304185, 1.5656244
109, -2.007256, -1.1679866, 2.074475
109, -4.7940235, -2.916283, 3.1208873
109, -0.7824713, 2.9749017, -0.3133971
109, 2.9034896, -2.4752383, -0.07210531
109, -0.5808858, 0.4495846, -0.27857774
109, 1.6750395, 1.2602028, -1.5131365
109, 1.7764431, 4.028644, -0.09959424
109, 4.397055, 1.685365, -1.37447
109, 1.1576368, 2.9602408, -1.5394037
109, 1.9737527, -1.7018828, 0.41780862
109, 1.9597027, -0.5815559, -0.15335038
109, -4.4385, 0.4599693, 1.9327544
109, -3.0738268, -2.752571, 1.5778416
109, -1.0439216, -1.4276042, -0.34027514
109, -3.0445054, -1.9162965, -0.32317093
110, -0.62425727, -1.4960213, -0.5534671
110, 1.396485, -0.10691363, -1.9175292
110, 2.2504747, 4.105613, -0.28896245
110, 1.9798614, 2.27485, -2.1294994
110, -0.36280692, 2.1380162, -1.4099002
110, 1.4404672, -1.1197283, 0.5473121
110, -0.07997631, -0.49114788, 1.5198096
110, -4.5124145, 0.5216667, 2.0488188
110, -3.6321578, -2.9633195, 3.444035
110, 0.5589887, -1.3616309, 0.83930564
110, -1.0091023, -1.9034683, 0.3353418
110, -0.4458846, -0.048270572, -0.35249245
110, 0.5589887, 0.079400264, -1.5595621
110, 2.158234, 4.2393928, 0.18140376
110, 4.011599, 0.5540425, -2.9498916
110, -0.7323804, 3.5717168, -2.2693877
110, 3.1130164, -0.30361223, 0.25409672
111, -0.64013976, -1.6346877, 1.2858481
111, -4.995609, 1.1105407, 1.8124139
111, -3.595506, -2.1386514, 2.2772825
111, -1.1361624, 0.12460429, -0.5589649
111, -0.84539044, -1.053144, 0.84113824
111, 1.1979537, -1.4685322, 0.11787378
111, -0.58699447, 2.052495, -3.6010737
111, 2.7807055, 2.1648943, 0.35000256
111, 1.9413768, 2.7837007, -1.5546753
111, 1.8466927, 1.9688065, -0.74344623
111, 3.662184, -1.1191173, 1.9626868
111, -0.7781953, -1.6096421, 1.7757621
111, -5.6302977, 1.1087083, 0.37871322
111, -1.8472095, -0.91569924, 1.6694715
111, 1.2480447, -0.177774, -0.94075567
111, -3.5417497, -0.27917764, -1.4551042
112, 0.5815908, -0.30727744, -0.18389365
112, 1.8100407, 0.05801998, -2.2565594
112, 1.6225051, 2.4342859, 0.4727865
112, 0.51622814, 3.9345708, -2.0574174
112, 1.2938596, 0.8289319, -0.14052221
112, 2.751384, -0.14051123, 1.7152864
112, -1.0640802, -1.9645548, 1.8765548
112, -6.5734735, 0.07390248, 2.8069026
112, -1.5662115, -0.20159775, -0.06599666
112, -0.6114291, -0.9804509, -1.2028168
112, -2.3493407, -1.4135544, -0.6188297
112, 0.73308533, -0.0055100047, 0.33717442
112, 1.3164617, 0.21012543, -2.307872
112, 3.3481994, 2.3628144, 0.64627224
112, 3.5424545, 0.896738, -0.66647714
112, -0.11113044, 3.0756943, -1.7556499
112, 0.7795111, -0.23275188, 0.46545613
113, -1.5252835, -1.0763568, 0.7934907
113, -6.4445815, -0.7984131, 3.044529
113, -0.8026299, -1.4135544, 0.18140376
113, -0.7873583, -2.0390804, 0.48989072
113, -2.0885012, -0.96029234, 0.6548243
113, 1.1142652, -2.1826339, 0.5314296
113, 0.2553887, 4.1251607, -3.6157346
113, 5.679872, 1.3744346, -0.95908165
113, 0.5143956, 2.9132042, -2.1301103
113, 1.0079746, -0.8106304, -0.2907951
113, 1.9175531, -0.14906333, 1.3890843
113, -0.009115942, -2.1282668, 1.2895133
113, -4.414676, 1.8741223, 1.617548
113, -1.5717093, -1.4080566, 0.7116348
113, 0.44781125, -1.2706119, 0.028076587
113, -2.2961953, -0.59377325, 0.5638054
113, 1.0727265, -1.3194813, 0.27853134
114, 0.23828448, 1.576631, -2.9773803
114, 2.9444175, 2.247972, 0.252875
114, 2.0495, 4.2790985, -2.2345684
114, 2.9340327, -1.6377419, 0.03174178
114, 2.0446131, -0.57056034, 0.5436469
114, -1.6700586, -1.0329853, 1.7641556
114, -5.005383, 0.8417601, 2.7946854
114, -3.0579443, -1.7886256, 0.9034465
114, -0.124569476, -0.06476393, -0.9541947
114, -2.4855638, -1.5186231, -0.72573113
114, -0.15877792, 0.78128445, 0.13192368
114, 1.5876858, 0.4691323, -2.2657225
114, 5.539373, 0.30236608, 1.2125443
114, 2.3060632, 3.0304902, -1.9474617
114, 0.15765026, 1.644437, -0.8472933
114, 1.219945, -0.44533297, 0.19911885
114, -2.41959, -1.7489195, 0.9150529
115, -4.965677, -1.3353636, 2.569887
115, -3.196611, 0.56625986, 0.4306368
115, -0.14289543, -2.0922256, 0.23027298
115, -2.0622342, -1.2455664, -0.2712474
115, 1.1661888, -0.3604227, -0.08187916
115, 2.6347086, 0.17836043, -1.4318913
115, 2.9706848, 1.6639848, -0.95358384
115, 1.3567787, 3.7494788, -1.6664636
115, 2.4312909, -0.49725652, 0.30663115
115, 2.234592, -0.049492303, 1.462999
115, -2.828259, -0.34698367, 1.5961677
115, -4.7702, -0.23519534, 2.2009244
115, -2.6559951, 1.6236676, -0.6035581
115, -0.1135739, -2.1203253, -0.4429005
115, -1.3591281, -1.406224, 0.07328062
115, 0.41238108, -0.54429317, 0.25654018
116, 1.3885437, 1.30052, -1.777641
116, 3.912028, 1.5986221, 0.26814663
116, 2.1857228, 3.036599, -1.7788628
116, 1.7984344, -0.53696275, 0.3683285
116, 1.4789518, -0.20159775, 0.8325861
116, -2.2503805, -1.4086674, 1.9162611
116, -5.2900457, -1.2284623, 2.5576696
116, -2.5918543, 0.6438397, -0.60111463
116, -0.91747254, -0.76664805, -0.46855685
116, -1.554605, -0.8698843, 0.17590597
116, 1.2492665, -1.0940719, -0.69213355
116, 1.8534123, 2.4263444, -1.9883895
116, 0.9578837, -0.40379417, -2.439819
116, 0.23156497, 3.8105652, -3.9682038
116, 2.7776513, -2.245553, 0.007918036
116, 0.91390145, 3.053703, 0.45384967
116, -2.325517, 0.28342927, 1.4092429
117, -4.8111277, -2.195462, 2.0781405
117, -2.365834, 0.6230703, 0.20156232
117, 0.23400842, -3.2565348, -0.17411982
117, -2.6462212, -0.91020143, -0.7727678
117, 1.2077277, -0.7428243, -0.20710653
117, 1.4453542, 2.0763187, -1.941353
117, 6.1129756, 0.060463443, 1.6028872
117, 2.0458348, 2.836235, -1.5161908
117, 1.3824351, -0.17716314, 0.049456872
117, 1.0128616, 0.45935845, 0.9083334
117, -1.2901003, -2.1013887, 2.3945687
117, -5.3108153, 0.38605464, 2.006669
117, -2.4085946, -2.7043128, 1.5063704
117, -1.0139892, -0.9828944, -0.85034764
117, -1.9528892, -0.5962167, -0.18389365
117, 0.68055093, -0.32315993, 0.14108665
118, 1.2627054, -0.06965086, -2.4813578
118, 3.545509, 1.6823107, -0.56629527
118, 4.2058544, 1.0806084, -2.2473965
118, 0.6133557, 2.8826609, -1.6780701
118, 2.5504093, 0.15820187, 0.41414344
118, -1.8795854, -1.1069, 1.2931784
118, -6.9699254, 0.6126856, 2.7024446
118, -1.8667572, -1.7348695, 2.1331182
118, -1.1056191, -0.40929192, -0.7214551
118, -2.3371234, -0.64325327, -0.46122646
118, 1.369607, -1.1069, -0.77826554
118, 0.7960045, 2.124577, -2.6945498
118, 5.437969, 1.6816999, -1.4025698
118, 1.6218942, 2.6639712, -2.412941
118, 0.7972262, 0.74035645, -0.88577783
118, 1.1930668, 0.41720873, 0.3316766
118, -0.5650033, -1.550999, 1.8625048
119, -3.8141956, -0.6206513, 3.1386023
119, -3.5619082, -0.34087503, 0.9254376
119, 0.048916254, -1.6352985, -0.87294966
119, -1.169149, -1.8185581, 0.14841704
119, -0.70122623, -0.209539, 0.3353418
119, 1.8613534, 0.15209323, -0.44778743
119, 0.097174615, 5.48739, -0.5412498
119, 2.553464, 2.0769296, -1.918751
119, -0.030496225, 2.2730174, -2.195473
119, 1.9407659, -0.4221201, 0.19301021
119, 0.80516744, 0.13621074, 0.29074866
119, -2.1098816, -1.5717684, 1.5332485
119, -6.392047, -1.5131255, 3.7543545
119, -1.327974, -1.6890546, -0.87661487
119, -2.533822, -1.7965668, -0.34149688
119, -0.4104544, -2.0115914, 0.43552372
119, 2.1179168, -0.87293863, -0.5381955
120, 0.81066525, 3.5277345, -1.0525441
120, 5.6432204, -0.8540018, -2.0849063
120, -1.2143531, 4.927227, -3.2394416
120, 2.4227386, 0.58764017, 1.0842626
120, 1.7654476, -1.2302948, 1.3451021
120, -4.123904, 0.061685175, 1.5741765
120, -4.73538, -2.689652, 4.786106
120, 0.10633759, 1.2485963, -1.238247
120, -2.0793383, 0.18752341, -0.5956168
120, -1.1105059, -0.7910827, 0.22844039
120, 2.0501108, -0.295671, -0.33172306
120, 0.48263058, 4.839262, -1.1686084
120, 7.336539, -1.6517918, -0.13441357
120, -0.85149914, 4.2204556, -3.2180612
120, 1.0641743, -1.7855713, -0.20099787
120, 1.649994, -0.8478932, 0.8881749
121, -3.5142608, -1.0140486, 1.9229805
121, -6.467794, -2.7727294, 3.6651683
121, -0.897314, 0.5039516, -1.3286551
121, -1.7366428, -1.0464244, -0.7843742
121, -1.7897881, -1.2486207, -0.3573794
121, 1.432526, -0.4483873, 0.22782953
121, 0.3732857, 4.133713, -2.5882592
121, 6.4990425, 0.5766446, -1.24741
121, 0.29142976, 3.1825957, -2.0671911
121, 0.97193366, 0.07268075, -0.06844012
121, 1.930992, -0.794137, 0.8808445
121, -2.0701754, -1.7819061, 2.4947505
121, -6.258878, -0.99144655, 5.062217
121, -1.1709816, -0.28467542, -0.33294475
121, 0.122220084, -3.0225735, -0.44656572
121, -1.7696296, 0.009150761, -0.7012965
121, 1.0959393, 0.5002864, -1.0885851
122, 1.4587932, 1.1471927, -2.825275
122, 6.0787673, -0.39157686, 1.6572541
122, 1.6163964, 4.414711, -3.4214795
122, 1.2211666, -0.3445402, -0.015294843
122, -0.14656062, 0.103834875, 0.9901893
122, -3.6333795, -0.87232774, 2.274228
122, -4.6492486, -0.41540056, 3.2320647
122, -1.6242436, -0.7428243, 0.46606696
122, -0.5161341, -1.3982828, -0.013462248
122, -2.3126888, -0.9407447, 0.62855715
122, 1.600514, -0.4850392, -0.2743017
122, -1.119669, 3.0402641, -3.1294858
122, 7.554618, -1.1282803, -0.13502443
122, 0.22973238, 4.36462, -3.6890383
122, 0.4313179, 0.4037697, -1.3604201
122, 1.97192, -0.006731735, 0.8319753
122, 0.17719795, -1.6487375, 1.4300123
123, -7.406694, -1.0378723, 4.298024
123, -9.353521, 5.6810346, -1.3256009
123, -5.735367, 3.035988, -1.8649948
123, -1.4501472, 2.2992847, -1.8112386
123, 0.51989335, 1.426969, -0.8924973
123, 1.654881, 2.52897, 0.6639873
123, 0.64267725, 1.3390044, 2.2149742
123, 0.81860644, -0.23702794, 1.4703295
123, -0.7079458, -0.9431882, 0.8399165
123, 0.023259915, -0.46671325, 0.6725394
123, 0.6946008, -0.7483221, 0.62428105
123, -1.3652368, -0.9908356, -2.838103
123, -0.054930836, 1.3548869, -0.52658904
123, -0.9327442, 0.18813428, -1.8613296
123, -3.0341206, 0.054965656, -1.2467992
123, -0.0414918, 0.024422392, -0.6237166
124, 1.4978887, 0.86558384, 1.4513925
124, 0.01898386, 1.2449311, 0.047013413
124, 0.18452834, 0.81121683, 0.46056917
124, 1.7825519, -0.9376904, 0.21561222
124, 1.155804, 0.63345504, 0.76539093
124, 0.06602048, -1.2864944, 0.51737964
124, 1.7092481, 0.14415197, -0.5290325
124, -2.660882, -1.1673757, -0.49787837
124, 1.2052842, -0.38791165, -0.26819307


