1, -0.15323359, 5.3871183, 8.073495
1, -1.1564348, 4.6688356, 8.688824
1, -1.1899546, 5.7438655, 6.529187
1, -0.8379962, 5.176422, 7.518023
1, -0.7039168, 4.9609375, 8.391933
1, -0.105348095, 5.0854397, 9.814133
1, -0.339987, 4.800521, 11.693638
1, -2.7749646, 3.4645157, 8.28898
1, 0.48843205, 2.516383, 8.492493
1, -1.7262721, 4.3791285, 8.284191
1, 2.719896, 4.14449, 11.779832
1, -0.74222517, 2.640885, 9.646533
1, 0.76137936, 3.2514253, 4.434197
1, 1.8938714, 1.56825, 5.133325
1, 5.593026, 2.3487835, 3.0646718
1, 5.0160055, 1.0151725, 0.07901107
2, 16.520496, -0.84996754, 5.2506447
2, 29.28677, 8.008849, 13.283437
2, 6.9745226, 7.292961, 2.5139885
2, 3.3663504, 12.093482, 6.2322974
2, 6.2777886, 10.673677, 7.206767
2, 6.5459476, 5.851608, 9.929058
2, 29.00664, 15.057594, 16.666548
2, 9.797373, -1.23784, 8.372779
2, -0.9888355, -6.454965, 2.8970726
2, 0.7901107, -6.0479383, -4.697567
2, -0.17957062, -7.3001437, -3.8236568
2, 5.2937417, -5.0399485, -8.063917
2, 42.989204, 6.0239954, 12.912324
2, 14.837321, 9.962578, 11.854054
2, 1.3312168, 8.810931, 5.236279
2, -2.413429, 6.8356547, 3.1221344
2, -0.5818088, 4.3025117, 6.481302
3, 23.363333, 20.585976, 23.339392
3, 22.949123, 5.3966956, 7.7119594
3, 3.5962007, -6.6225643, 1.7430321
3, -0.60335726, -8.9976845, -4.008016
3, -5.916253, -9.364009, -7.5826683
3, 7.884347, -2.9473522, -4.886715
3, 31.250074, 10.051166, 9.344854
3, 18.878857, 9.598648, 13.034432
3, 6.4789076, 8.947405, 8.846846
3, -1.7813405, 7.7478733, 0.34477556
3, -5.0830455, 4.0151987, 2.3320236
3, 0.68236834, 4.6568646, 2.7749646
3, 21.19891, 15.349696, 27.088825
3, 26.54772, 11.518856, 8.91628
3, -0.36632404, -2.2075214, -0.9241901
3, -0.7206767, -6.0263896, -0.9577099
3, -2.1069617, -7.082265, -5.28177
4, 9.047964, -2.317658, -1.1348863
4, 16.64021, 6.517216, 7.4198575
4, 24.629906, 13.202031, 14.590711
4, 4.398283, 8.3129225, 10.362421
4, -5.873156, 3.6297207, -2.6360965
4, -4.3887057, 1.010384, -2.0973847
4, -0.37350687, 1.2881198, 1.8962656
4, 15.929111, 11.866026, 7.058322
4, 25.080029, 15.409553, 14.710424
4, 3.9457648, 0.93616146, 6.318491
4, 2.3344178, -0.6488485, -3.3040993
4, 2.1931558, -3.5171897, -6.996071
4, 1.1133378, -2.8204558, -5.0399485
4, 8.5882635, 0.40463245, -2.0399222
4, 28.302723, 14.72479, 13.695251
4, 9.730332, 11.063944, -3.2466366
5, 4.786155, 3.981679, 1.0127783
5, -9.220352, 0.90982443, -0.18196489
5, 0.28731298, 4.041536, 2.3775148
5, 9.177256, 14.154953, 17.51891
5, 19.582773, 18.823788, 17.86608
5, 3.562681, 2.5858169, 6.091035
5, 1.1899546, -7.269018, -1.5036045
5, -3.9888618, -8.358414, -16.597113
5, 13.0895, -9.577099, 0.5913859
5, 11.80138, 1.158829, -0.7901107
5, 22.956306, 18.996176, 22.350555
5, -1.1372806, 9.119793, 3.7135203
5, -8.897125, 2.9234095, 1.5179702
5, -5.5547175, 1.0079896, -4.436591
5, 8.195602, 17.571583, 18.139027
5, 31.29796, 12.806976, 33.392952
5, 1.1995317, -2.343995, -5.439792
6, -1.036721, -8.672064, -8.099832
6, 1.0032011, -8.133351, -5.5571117
6, 8.767835, -5.193182, -5.2482505
6, 24.87412, 8.45179, 3.519584
6, 16.082344, 15.651375, 22.937153
6, -1.1013664, 6.864386, 1.8435916
6, -8.487704, 1.9010541, -2.0925963
6, -6.1892004, 5.4948606, -0.8571504
6, -1.1037607, 7.0439563, 3.5219781
6, 51.821686, 32.528618, 40.412964
6, 7.7095647, 0.0071828244, 6.639324
6, -1.8603516, -6.857203, -6.2322974
6, -1.6065584, -7.692805, -8.633755
6, 8.073495, -6.794952, -9.208381
6, 4.017593, -6.411868, 4.9561486
6, 27.890907, 22.625896, 25.374525
6, 3.3112822, 10.5803, 1.0726352
7, -7.5395713, 3.050306, -0.21309046
7, -2.0159793, 4.192375, 8.004061
7, 6.201172, 10.235525, 1.6352897
7, 34.144753, 24.388083, 31.999483
7, 15.483775, 6.143709, 4.7262983
7, -2.8874955, -7.187613, -3.6823947
7, -4.9010806, -8.130958, -5.7007685
7, 0.7877164, -5.8324533, -2.3344178
7, 9.344854, -2.2147043, -4.173221
7, 42.02431, 21.299469, 18.344934
7, 3.955342, 9.684841, 3.756617
7, -2.4277947, 4.925023, 1.924997
7, -8.360807, 1.9178141, 6.3711653
7, -2.5020173, 6.3639827, 1.8340145
7, 13.62103, 22.295486, 18.20846
7, 31.451195, 11.157321, 13.680886
8, -1.7669748, -5.480495, -9.39274
8, -2.185973, -8.341654, -5.497255
8, -2.8707354, -8.277008, -3.4142358
8, 12.443047, -3.5554981, -1.1731946
8, 32.135956, 21.862123, 10.738322
8, 8.729526, 10.757477, 13.874823
8, -4.245049, 4.022382, -5.564295
8, -9.244295, -0.021548472, 2.2937152
8, 1.1827718, 8.9498, 2.8396099
8, 13.877216, 19.601929, 13.257099
8, 15.174913, 19.403204, 23.190947
8, 5.140508, 0.2777359, -0.7206767
8, 1.5969813, -9.634562, -5.4900723
8, -2.0447106, -13.508498, -4.3432145
8, 11.190841, -7.7335076, -0.74222517
8, 43.492, 23.071232, 15.107874
8, 12.043202, 15.119845, 13.465402
9, -0.82123625, 6.299337, -0.8930645
9, -8.549955, 1.776552, 3.1029801
9, -5.497255, 3.3136764, 2.0159793
9, 9.325701, 26.260406, 20.978636
9, 28.884531, 15.244348, 10.362421
9, 4.6927786, -4.8148866, -3.581835
9, -0.6201172, -9.720756, -3.624932
9, -0.7948992, -7.8197017, -8.4230585
9, 6.404685, -7.8723755, -4.051113
9, 15.613066, 9.742304, 1.9680939
9, 17.715239, 16.431908, 22.637869
9, -1.838803, 7.56112, -2.4708917
9, -6.550736, 4.889109, 2.9497466
9, -5.5738716, 6.308914, 2.2410412
9, 13.072741, 18.574783, 13.415122
9, 29.660276, 17.131037, 27.66824
10, 7.6113997, -4.07745, -6.58665
10, -2.997632, -20.959482, 1.1492519
10, 1.0008069, -9.828498, -12.167705
10, 20.133457, 5.1189594, 19.209267
10, 25.240444, 19.568407, 36.39298
10, 7.269018, 7.0295906, 3.8523881
10, -4.642499, 4.381523, -7.7957587
10, -7.225921, 2.152453, 0.13168511
10, 1.3383996, 4.80531, -0.9529214
10, 5.3799353, 8.91149, 13.15654
10, 31.637947, 16.98738, 19.041668
10, 4.6305275, 5.849213, -2.4469488
10, -2.8683412, -0.29210153, -3.1676257
10, 1.908237, -5.090228, 2.9665065
10, 5.236279, -8.978531, -7.2881727
10, 26.382515, 14.032845, 9.349643
10, 24.16781, 14.353678, 11.461393
11, -1.1564348, 6.969734, -8.722343
11, -7.307327, -0.9960183, 8.482916
11, -6.1101894, 1.0917894, 6.7997403
11, 4.3911, 14.370438, 12.617828
11, 30.69221, 23.645859, 22.264362
11, 7.659285, 2.3775148, 0.13886794
11, 2.3918805, -9.378374, -3.2993107
11, -4.6760187, -13.30259, -9.70639
11, 5.916253, -11.755889, -5.1644506
11, 23.167004, 10.896344, 9.699207
11, 34.259678, 21.179754, 20.837374
11, -1.2593886, 5.7438655, -1.637684
11, -7.23071, 3.2633965, 0.14365649
11, -6.0503325, 3.1341057, 2.5642684
11, 7.7909703, 11.600262, 5.707951
11, 37.22858, 27.673029, 30.040966
11, 13.613847, 3.0957973, 3.3639562
12, -2.5618742, -6.976917, -5.585843
12, -0.4070267, -9.845258, -2.6193366
12, -4.3192716, -13.551596, -10.656918
12, 7.2019787, -3.1676257, -1.2067145
12, 43.240604, 24.400055, 25.630713
12, -3.047912, 6.8165, 0.9960183
12, -8.145323, 4.642499, 5.8444247
12, -6.778192, 4.7071443, 2.19555
12, 0.19633053, 7.0559278, 0.8475733
12, 31.530205, 32.73692, 34.28841
12, 23.784725, 4.642499, 4.702356
12, -2.4206119, -8.894731, -3.9744961
12, -3.6177492, -10.508472, -7.56112
12, -4.8340406, -11.930672, -9.557945
12, 9.914692, -9.785401, -3.675212
12, 57.759487, 20.892443, 37.745743
12, 1.8747171, 10.601849, 4.625739
13, -3.100586, 10.261862, -2.5834224
13, -6.5603127, 5.9449844, 5.5810547
13, 0.36392978, 8.856422, 5.166845
13, 35.44724, 27.29952, 20.322605
13, 31.558937, 9.900327, 10.836488
13, -3.205934, -7.103813, -3.5507095
13, -1.2953026, -11.78462, -2.9760835
13, -3.2442424, -10.889162, -10.585089
13, 8.375174, -8.528407, -5.9378014
13, 39.790455, 15.46941, 20.248383
13, 24.6323, 18.076775, 21.081589
13, -3.6440864, 5.9378014, -4.5419393
13, -8.521224, 2.466103, -1.4820561
13, -7.764633, 1.2306572, 4.592219
13, 2.6983478, 17.035265, 6.8787518
13, 37.269283, 24.270763, 36.048203
14, 6.28976, -6.8165, 5.8875217
14, -1.6975409, -11.633781, -4.975303
14, 2.5211713, -11.432662, -7.4701376
14, -0.68715686, -9.8237095, -9.150918
14, 10.345661, -1.2546, 3.4262073
14, 53.473732, 28.03217, 40.228607
14, 0.8475733, 5.9665327, 1.5467016
14, -4.5850363, 3.057489, -5.090228
14, -7.0176196, 1.4437478, 5.334444
14, -5.111777, 3.1149516, 4.6664414
14, 5.2027593, 19.554043, 13.209214
14, 33.21338, 21.112715, 20.890047
14, 3.1676257, -0.3974496, -3.0119977
14, -1.5586729, -7.881953, -3.5770466
14, -1.6089526, -8.4230585, -2.5283542
14, 2.3056867, -7.877164, -8.336864
14, 26.507017, 14.9067545, 3.5243726
15, 21.510164, 16.261915, 18.414368
15, -4.2618093, 3.7781656, -3.5890179
15, -4.802915, 4.2402606, 2.2673783
15, -3.8906965, 4.35758, 6.612987
15, 1.0439038, 10.094262, 2.7246847
15, 41.46884, 30.412079, 29.104805
15, 13.063164, 3.3519847, 5.8013277
15, -2.5115943, -7.0152254, -2.727079
15, -1.0846065, -11.133378, -5.111777
15, -2.743839, -10.364816, -9.474146
15, 5.2434616, -0.9577099, -4.3264546
15, 44.164795, 20.562033, 34.28841
15, 2.2506182, 6.7255177, 1.036721
15, -5.935407, 5.2219133, -1.8747171
15, -5.5523233, 3.9098508, 6.689604
15, 1.158829, 8.2027855, 2.2075214
15, 16.154173, 26.023373, 23.87092
16, 24.854967, 12.29939, 9.282603
16, 0.34956414, -3.964919, 0.5554718
16, 0.5913859, -6.593833, 2.4373717
16, -1.8244374, -6.378348, -8.377567
16, 4.309695, -5.7390766, -3.8523881
16, 45.270947, 23.061655, 20.638649
16, 6.8452315, 12.636982, 5.8779445
16, -7.041562, 5.0040345, -2.2745612
16, -4.6712303, 5.2027593, 3.2633965
16, 3.3902931, 7.393521, 4.1588554
16, 20.562033, 26.056892, 11.595473
16, 19.604322, 11.758284, 17.011322
16, -4.826858, -1.2833313, -3.4262073
16, 0.93616146, -7.5395713, -0.84278476
16, -0.47885495, -8.559532, -5.6768255
16, 9.232324, -5.157268, -3.3567734
17, 33.596462, 19.712065, 17.475811
17, 12.136579, 13.994536, 11.9713745
17, -4.862772, 6.280183, 0.19154198
17, -7.570697, 4.850801, 2.4421604
17, -1.673598, 7.041562, -1.8483802
17, 2.6289136, 20.380068, 22.487028
17, 36.895775, 19.5301, 22.233236
17, -3.4573328, -5.6337285, -2.0064023
17, 0.69194543, -10.1206, -3.3783216
17, -3.6536634, -10.860431, -9.117398
17, 10.410307, -5.3966956, -5.604997
17, 36.61804, 17.332155, 18.17973
17, 17.571583, 15.569969, 16.264309
17, -3.1365, 3.8547823, -5.05192
17, -7.0319853, 2.8779182, -1.1684061
17, -7.187613, 3.1484714, 4.599402
17, 4.9393888, 11.387171, 3.5507095
18, 46.640472, 34.750504, 26.114355
18, -1.6712039, -4.9178405, 7.8747697
18, 1.1037607, -9.038387, -2.3392065
18, 2.5068057, -11.133378, -0.7685622
18, -2.6073654, -10.127783, -9.933846
18, 3.0431232, -1.5969813, -16.781471
18, 73.19298, 30.445599, 44.15282
18, 0.26337022, 9.598648, 0.0047885496
18, -7.843644, 4.869955, 1.211503
18, -4.7143273, 4.661653, 2.013585
18, 4.3432145, 14.032845, 11.724764
18, 13.336111, 21.151024, 20.066418
18, 10.958596, 1.3407938, 10.640158
18, -0.19154198, -10.678466, -5.856396
18, 1.6305012, -11.006481, -7.927444
18, 3.6871831, -7.881953, -7.395915
18, 19.72643, 1.9297855, 2.516383
19, 57.982155, 26.595604, 37.669125
19, -0.4764607, 5.9282246, 3.3615618
19, -4.7143273, 5.157268, -2.7749646
19, -6.8955116, 3.7159145, 4.0199876
19, -2.7342618, 4.3887057, 3.849994
19, -0.22027329, 8.063917, 1.733455
19, 66.785904, 24.237244, 19.87727
19, -0.50040346, -4.4389853, -4.1588554
19, -1.0678465, -5.691191, -2.3823035
19, -5.4517636, -10.077502, -4.8986864
19, 7.6640735, -7.7861814, -5.8779445
19, 65.29666, 20.375278, 33.25408
19, 5.260222, 12.500508, -4.4126487
19, -7.762239, 4.72151, -3.6009893
19, -10.767054, 0.8739103, 6.732701
19, 2.6456738, 7.1780357, 2.083019
20, 38.8088, 34.022644, 41.07618
20, 16.151777, 3.9792848, 4.067873
20, -5.899493, -10.544386, -7.9154725
20, -3.6536634, -12.395161, -6.273
20, 2.604971, -10.099051, -7.6975937
20, 10.498895, 0.44054657, -2.473286
20, 40.484795, 20.12388, 47.009193
20, 3.0263634, 9.98652, -3.7159145
20, -5.478101, 6.577073, -2.0806248
20, -6.699181, 4.1397014, 6.2346916
20, 2.901861, 10.427067, 4.5515165
20, 52.219135, 32.885365, 31.609217
20, 5.2841644, -1.5036045, 1.9321798
20, -0.6296943, -8.109408, -2.9090438
20, -1.228263, -10.127783, -5.31529
20, -1.1827718, -12.055174, -5.174028
20, 4.539545, 1.9465454, -2.9473522
21, 45.105743, 24.960316, 37.47519
21, -4.4485626, 8.396722, -4.4222255
21, -6.426234, 5.4948606, -2.083019
21, -5.978504, 4.8364353, 1.3360053
21, 5.1189594, 11.142955, 10.733534
21, 37.5542, 27.318676, 28.355396
21, 10.312141, 2.0399222, 3.8930907
21, -1.4389591, -5.6935854, -3.8212626
21, 1.5754328, -8.370385, -1.6089526
21, -3.1436827, -10.76466, -12.546
21, 4.230684, -1.8771114, -7.8627987
21, 41.308422, 19.326586, 42.507954
21, -4.2378664, 6.9888883, -5.810905
21, -6.0527267, 5.9976583, 2.4421604
21, -8.502069, 6.543553, 1.6544439
21, 2.456526, 12.292207, 16.568382
21, 46.843987, 28.980303, 31.151909
22, 2.5642684, -3.615355, 1.733455
22, 0.4285752, -9.80695, -4.9369946
22, 4.000833, -7.3145094, -9.055147
22, 1.403045, -8.564321, -8.437425
22, 7.781393, 3.6800003, 7.0702934
22, 31.094446, 15.373638, 40.199875
22, -1.7023294, 8.564321, -10.972961
22, -6.0479383, 4.817281, -2.4517374
22, -4.6472874, 3.2011454, 2.432583
22, 6.675238, 15.225194, 2.3655436
22, 37.910946, 21.414394, 37.633213
22, -3.615355, -2.6025767, -1.4916332
22, 1.4676905, -7.7718163, -3.1173458
22, 3.6895776, -10.570724, -1.1037607
22, 3.380716, -7.084659, -16.084738
22, 7.613794, -3.2633965, 0.2753416
23, 31.721746, 17.679325, 30.232508
23, 2.6887705, 7.946598, -0.56265455
23, -8.260248, 4.7717896, -0.88588166
23, -4.9154463, 4.9561486, 3.964919
23, 2.9689007, 13.589904, 3.7614057
23, 47.947746, 21.886066, 15.672923
23, 9.840469, -1.1253091, 4.869955
23, -1.838803, -8.169266, -1.8220432
23, -4.3767343, -10.92747, -6.4334164
23, 2.4158232, -10.972961, -9.751882
23, 11.573924, -0.90503585, 2.3056867
23, 36.94845, 12.129396, 28.448772
23, -3.3304362, 5.731894, -3.6608462
23, -3.5602865, 5.6600657, 3.4956412
23, -5.482889, 7.0008597, 5.5451403
23, 4.0535073, 15.727991, 2.9760835
23, 55.88477, 24.23006, 26.243647
24, 3.8380225, -5.3272614, 1.7885233
24, -0.9122187, -8.554744, -4.0343533
24, -0.4764607, -12.742331, -7.4174633
24, 5.276982, -14.030451, -11.066339
24, 39.438496, 10.242707, 17.313002
24, 18.909983, 16.64021, 20.743998
24, -4.8364353, 8.61939, -2.6001825
24, -8.439818, 3.189174, 4.7167215
24, -2.631308, 4.4725056, -1.7310607
24, 3.668029, 17.925936, 12.007288
24, 25.745638, 16.051218, 31.333874
24, -1.0151725, -5.2674046, -0.16281068
24, 1.5562786, -9.373586, -6.814106
24, 3.9313993, -6.454965, -11.569136
24, 8.339259, -7.6449194, -5.0998054
24, 41.68193, 20.954693, 24.409632
25, 10.194822, 9.675264, 28.405676
25, -5.0758624, 6.1054006, -5.296136
25, -6.3304625, 2.8587642, 0.94573855
25, -6.196383, 3.545921, 2.925804
25, -3.9505534, 18.603516, 10.012857
25, 47.274956, 22.573223, 21.510164
25, -0.5027977, -2.2865324, -4.5467277
25, 2.0662591, -7.18043, -3.284945
25, -1.446142, -10.455798, -4.6065845
25, 4.824464, -9.423865, -6.672844
25, 33.380978, 12.64656, 15.809397
25, 13.683281, 13.580327, 17.056814
25, -1.7502149, 7.759845, -0.95531565
25, -6.8955116, 3.964919, 3.962525
25, 1.0343267, 9.364009, 1.4245936
25, 4.455745, 14.679298, 10.204399
25, 31.429646, 18.955473, 20.957087
26, 7.4605603, -0.09337672, -0.4956149
26, -0.95531565, -8.190814, -7.9178667
26, 0.7637737, -4.680807, -3.4238129
26, 6.711152, 0.12210801, 19.010542
26, 2.3487835, 8.796566, 6.160469
26, 4.122941, -0.72785956, 24.613146
26, -1.1612233, 6.0311785, -0.4285752
26, -1.8555629, 2.9042554, 4.0582957
26, -5.0662856, 0.2561874, 3.2705793
26, -2.47568, 7.106208, 18.411974
26, 6.2682114, 3.3639562, 29.710556
26, -1.5227587, 2.3631492, 4.166038
26, 4.0151987, -2.3416007, -1.0917894
26, 0.845179, -2.892284, -8.018426
26, 8.231517, -5.8851275, -2.430189
26, 37.73856, 12.234744, 22.13507
26, 6.9912825, 6.4429936, 19.932339
27, -6.0263896, 7.0942364, -8.169266
27, -4.5347567, 4.790944, 3.1365
27, 0.62251145, 7.290567, 5.2506447
27, 7.4438004, 20.545273, 12.699234
27, 34.772053, 17.023294, 17.58116
27, -0.13168511, -3.8835137, -0.67757976
27, 0.7398309, -9.385557, -4.0463243
27, -2.8970726, -10.920287, -8.449396
27, 8.449396, -3.921822, -3.3136764
27, 53.43303, 25.072845, 35.27485
27, 3.1269228, 10.515655, 1.9297855
27, -4.371946, 6.4190507, -3.6464806
27, -6.589044, 4.285752, 4.40786
27, 0.7134939, 9.596253, 6.6632667
27, 4.6832013, 19.601929, 20.93554
27, 31.003464, 13.084712, 11.001693
27, -4.6664414, -5.0591025, -4.601796
28, 1.2569942, -8.968953, -3.6129606
28, -1.7262721, -11.083098, -11.803775
28, 8.308133, -7.680834, -2.2458298
28, 50.332443, 21.811844, 41.777702
28, 6.179623, 11.980951, 4.850801
28, -8.063917, 5.3272614, -1.1157321
28, -10.872402, 2.2338583, -0.16041641
28, -1.7166951, 6.840443, 5.691191
28, 40.4393, 36.74733, 30.175045
28, 15.129422, 3.991256, 3.047912
28, -1.2354459, -9.912297, -2.2027328
28, -0.043096945, -11.3105545, -5.253039
28, -1.0846065, -10.692831, -11.863631
28, 5.569083, -0.7541966, 2.7749646
28, 53.17445, 29.021006, 32.91649
28, -3.921822, 7.57788, -3.4046588
29, -7.1133904, 5.5355635, -2.430189
29, -9.447808, 3.0239692, 5.2243075
29, 1.1875603, 12.644165, 6.0479383
29, 49.032352, 28.719326, 31.168669
29, -2.7989073, -4.8340406, -6.3711653
29, -3.6560576, -9.088667, -11.502096
29, 4.1373067, -3.8619652, 9.421472
29, 5.777385, 1.3647367, 13.199637
29, 0.84996754, 6.9673395, 3.2514253
29, 1.977671, -1.2450229, 28.980303
29, -2.8300328, 4.288146, -0.71828246
29, -2.2625897, 2.7055306, 5.2434616
29, -2.0590763, 1.5490957, 5.4110613
29, -2.80609, 9.347249, 10.513261
29, 0.9720756, 4.450957, 23.65783
29, -3.1125572, 1.0175668, 5.89231
29, 4.2043467, -0.24900457, 1.0606637
30, 5.2147307, -1.2833313, 2.2721667
30, 3.9673133, -4.3623686, -6.229903
30, 26.41364, 8.978531, 14.41114
30, 8.420665, 3.6297207, 31.767239
30, 1.0941836, 7.3480296, -3.6536634
30, -7.2881727, 6.2155375, 1.8244374
30, -6.2873654, 8.190814, 4.494054
30, 6.952974, 16.879637, 23.274746
30, 29.133535, 12.476566, 20.837374
30, -2.7893302, -4.209135, -5.547535
30, 1.6783867, -10.829305, -1.9920366
30, -1.7837347, -10.934653, -13.288225
30, 12.373612, -4.783761, 0.9289786
30, 46.14725, 20.6171, 40.84154
30, -0.7589851, 8.332076, -0.6057515
30, -4.4461684, 8.159689, -2.1620302
30, -5.6959796, 6.893117, 3.9673133
31, 5.0136113, 14.006508, 10.831699
31, 34.86543, 22.89645, 28.276386
31, 14.561979, 0.17478207, 4.288146
31, -0.9385557, -9.335278, -4.7119327
31, -2.5475085, -10.709591, -5.9832926
31, 1.7669748, -11.135772, -12.469383
31, 11.150138, 0.4860378, 4.163644
31, 41.63644, 18.519716, 42.40979
31, -2.925804, 6.342434, -5.715134
31, -4.4030714, 6.543553, -3.8308396
31, -8.645726, 4.3408203, 4.972909
31, 13.85088, 18.486197, 11.396749
31, 27.821474, 19.254759, 8.432636
31, 18.967445, 2.6624336, 7.2714124
31, -2.6600394, -9.007262, -2.719896
31, -0.9984126, -14.286637, -1.977671
32, 5.2482505, -9.5244255, -14.470997
32, 27.455149, 17.384829, 6.095824
32, 20.693718, 13.20682, 23.665012
32, -1.462902, 5.9234357, -4.07745
32, -6.0599093, 4.304906, 4.618556
32, -6.6201696, 9.783007, -1.4150164
32, 9.39274, 18.974628, 18.400002
32, 31.458376, 17.96185, 18.112688
32, 9.883567, -1.7502149, 3.4094474
32, 0.50998056, -9.071907, -0.818842
32, -4.5443335, -12.047991, -9.584282
32, 2.796513, -11.600262, -5.444581
32, 32.976345, 17.830164, 7.8173075
32, 18.239586, 15.622643, 25.51818
32, -6.4525704, 7.249864, -4.563488
32, -5.8755503, 5.7390766, 4.661653
32, -5.8204823, 8.79896, 7.2378926
33, 19.427145, 26.25083, 29.973927
33, 27.553314, 6.0455437, 10.858036
33, -0.31604427, -9.835681, -8.162083
33, -4.2809634, -11.221966, -12.524451
33, 4.0918155, -8.432636, -2.8204558
33, 12.016866, 4.0798445, 0.5794145
33, 40.362686, 16.190086, 39.91735
33, 3.1915684, 6.7925577, -1.9321798
33, -2.7055306, 5.140508, -0.5027977
33, -6.1892004, 7.1971903, 7.2546525
33, 0.48843205, 12.627405, 0.77574503
33, 24.390478, 25.482267, 29.945194
33, 26.739262, 8.727132, 4.8843207
33, -3.4333901, -12.385584, -1.0534809
33, -6.4980617, -18.47183, -10.312141
33, 2.4900458, -12.598674, -10.575512
33, 23.092781, 5.5140147, 4.252232
34, 31.087265, 19.577986, 23.049685
34, -7.9968777, 7.726325, -7.9992723
34, -8.1549, 5.444581, -0.14365649
34, -3.4118416, 2.430189, 3.6369035
34, 10.532414, 21.898037, 9.237112
34, 33.191833, 18.663372, 26.22928
34, -1.2330515, -6.718335, -1.297697
34, -0.15083931, -13.079924, -5.7223167
34, -2.1069617, -14.44466, -10.472558
34, 12.2706585, -6.821289, -3.0527003
34, 49.271782, 20.581186, 37.774475
34, 11.478153, 11.933065, 12.8213415
34, -7.901107, 4.886715, -3.459727
34, -7.735902, 5.2027593, 3.1173458
34, -0.8667275, 7.233104, 2.52596
34, 9.871595, 21.416788, 24.031336
35, 35.080914, 12.598674, 12.18207
35, -4.1947694, -8.664881, -4.7334814
35, -1.8364087, -12.802187, -3.7063375
35, -4.697567, -13.644972, -13.010489
35, 8.681641, -2.6097596, -0.20590763
35, 51.972523, 21.297075, 50.53117
35, 0.2561874, 9.440625, -3.840417
35, -6.5196104, 6.577073, -2.0782306
35, -10.0368, 4.3599744, 5.0806513
35, 6.2107487, 12.548394, 6.577073
35, 39.342724, 22.51576, 37.17351
35, 12.988941, -0.026337024, 5.087834
35, -4.000833, -8.025609, -4.1756153
35, -1.7406378, -8.988108, -0.16281068
35, 0.531529, -9.644139, -12.610645
35, 16.570776, 0.8667275, -1.7454263
35, 32.26046, 17.420744, 29.62915
36, -3.5507095, 5.4062724, -4.95136
36, -6.100612, 4.087027, 2.7941186
36, -5.097411, 6.6177754, 1.759792
36, 3.0335462, 15.198856, 6.1125836
36, 37.288437, 24.821447, 28.59243
36, 6.5387645, -3.6009893, 4.9346004
36, -0.888276, -11.233937, -1.0822122
36, -1.0295382, -10.439038, -11.839689
36, 9.143736, -9.895537, -3.0024207
36, 24.49822, 8.8636055, 8.55235
36, 20.037685, 16.340925, 21.371298
36, -7.3001437, 8.530801, -8.245882
36, -5.593026, 6.4573593, 3.4238129
36, -4.63771, 6.5794673, 3.6608462
36, 5.9114647, 20.48302, 16.072767
36, 33.850258, 15.421524, 16.666548
36, -2.2075214, -7.185219, -3.459727
37, -1.7023294, -12.277842, -1.211503
37, 7.8197017, -5.1979704, -5.5092263
37, 15.48138, 2.3056867, 2.3200524
37, 32.7872, 14.538036, 26.277166
37, 3.3328304, 5.030371, 5.9832926
37, -7.90829, 5.5379577, -2.3296294
37, -6.0934296, 5.873156, 3.9984388
37, 6.735095, 9.929058, 5.607392
37, 21.716072, 25.063269, 15.6777115
37, 22.499, 7.005648, 8.925857
37, 1.3096683, -9.864412, -2.535537
37, -7.7766047, -14.224386, -11.164503
37, 10.771842, -6.8787518, -8.46855
37, 50.662853, 21.969866, 31.312326
37, 1.2689656, 7.6018224, 9.024022
37, -0.84996754, 6.490879, -4.0918155
38, -4.819675, 7.24747, 1.89866
38, 0.090982445, 10.108628, 5.480495
38, -0.21787901, 16.759924, 19.170958
38, 26.885311, 16.044035, 10.192428
38, 0.23942748, -3.5363438, -0.102953814
38, 3.7614057, -7.2163444, 1.0726352
38, -2.1979442, -10.106234, -11.755889
38, 5.6840086, -0.93616146, -6.881146
38, 43.875088, 18.761538, 48.179993
38, -0.019154198, 8.46855, -6.064698
38, -7.903501, 6.0407553, -1.5299416
38, -9.086273, 4.1181526, 5.1596622
38, 6.2275085, 11.226754, 4.743058
38, 35.11204, 27.476698, 35.39217
38, 12.517269, 4.790944, 4.0559015
38, -0.6895511, -7.683228, -5.3512044
38, 0.18914771, -11.004087, -6.124555
39, 3.615355, -10.3193245, -9.720756
39, 29.626757, 18.20846, 16.62345
39, 17.660172, 11.054367, 17.066391
39, -5.99287, 2.9617178, -6.3376455
39, -8.090255, 3.806897, 1.7143008
39, -1.2091088, 7.4533772, 1.8483802
39, -2.073442, 20.957087, 20.447107
39, 30.242085, 14.41114, 22.738428
39, 2.0902019, -5.446975, -4.2378664
39, 1.3910737, -11.214784, -5.5786605
39, -2.7917244, -11.497308, -11.267457
39, 9.364009, -1.2258687, -1.1229149
39, 50.6868, 20.059235, 49.211926
39, -2.4589202, 5.444581, -6.0072355
39, -5.4230323, 4.9776974, -2.5379312
39, -6.4765134, 7.4174633, 4.889109
39, 4.9968514, 13.010489, 2.2147043
40, 26.401669, 23.655436, 31.760056
40, 16.604296, 3.5890179, 8.171659
40, -0.38787252, -9.608225, -6.0838523
40, -3.8284454, -12.14855, -10.491713
40, 6.0335727, -10.834093, -3.1149516
40, 24.110348, 12.253899, 8.741497
40, 20.55006, 13.728772, 25.963516
40, -6.589044, 7.18043, -6.1293435
40, -6.629747, 5.97611, 0.9481328
40, -1.8100717, 9.196409, -1.8890828
40, -1.228263, 18.395214, 18.790268
40, 39.86228, 16.92034, 16.139807
40, -4.652076, -9.301758, -2.516383
40, -2.482863, -11.497308, -7.6305537
40, 0.08619389, -9.184438, -15.014498
40, 17.360888, 8.317711, 23.365728
41, 9.93624, 5.0040345, 39.270897
41, 2.0925963, 9.941029, 1.8292259
41, -0.25379312, 1.3000913, 2.9162266
41, -2.6624336, -0.48124924, 2.7175019
41, -6.1652575, 0.07901107, 8.600235
41, -1.472479, 4.12773, 16.95386
41, 1.3575538, -1.5371244, 22.288303
41, 1.1899546, 2.2601955, -1.4102279
41, 3.1700199, -2.8587642, 1.6712039
41, 6.8476257, -7.743085, -2.8204558
41, 23.760784, 1.0439038, 14.059181
41, 2.1309047, 1.733455, 28.920444
41, -7.3480296, 11.691244, -10.364816
41, -5.2506447, 8.705584, 3.2274826
41, 1.6305012, 10.733534, 2.9856608
41, 18.131844, 19.800653, 20.76794
41, 39.191883, 15.668135, 7.206767
42, -2.0351336, -7.5898514, -2.5235655
42, -2.264984, -12.258687, -3.7087317
42, -3.5650752, -14.997737, -10.819728
42, 9.945818, -5.870762, -0.65363705
42, 60.3046, 27.210934, 44.389854
42, -0.18196489, 9.136553, -4.7717896
42, -6.591439, 6.428628, -0.11971374
42, -8.12138, 5.4493694, 4.2043467
42, 1.977671, 9.323306, 1.0008069
42, 65.9096, 40.266914, 43.604534
42, 11.96898, -1.5059988, 2.2170985
42, 1.6855695, -9.179649, -2.1811843
42, -3.7781656, -13.484556, -6.2514515
42, 0.9074302, -15.002526, -7.726325
42, 16.496553, 1.4605076, -2.205127
42, 20.545273, 16.652182, 33.349854
42, -2.2865324, 12.318543, -2.8013015
43, -2.310475, 8.9498, -1.960911
43, -2.8683412, 5.1596622, 9.27542
43, 5.6768255, 7.80773, 11.389565
43, 34.4177, 14.818167, 21.749592
43, 4.1804037, 1.2306572, -2.6265194
43, -3.100586, -5.9641385, 0.9696813
43, 0.56265455, -6.830866, -2.281744
43, 14.700848, -6.550736, -8.583475
43, 27.194174, 14.109462, 16.51092
43, 15.376033, 15.423919, 8.245882
43, -1.5730386, 9.47654, -1.9058428
43, -6.2945485, 3.9984388, 8.035186
43, -1.6544439, 10.419884, -4.6233444
43, 28.982697, 29.305923, 25.53494
43, 12.239532, 8.564321, 0.009577099
43, -2.6456738, -6.014418, 1.5275474
44, -0.11253092, -7.6281595, -2.2793496
44, 4.37434, -6.7997403, -5.2027593
44, 8.006455, -6.1101894, -1.6688095
44, 54.63256, 22.841381, 41.03308
44, 3.8954852, 8.432636, 4.565882
44, -4.865166, 6.3304625, -5.8444247
44, -4.063084, 9.486116, -0.60335726
44, 5.8947043, 14.250724, 10.197216
44, 13.733561, 22.032116, 15.03844
44, 21.572416, 9.002473, 9.680053
44, 1.1660118, -5.8755503, -5.011217
44, 6.0694866, -8.494887, -2.2458298
44, 0.31125572, -8.22194, -16.85809
44, 13.187666, 8.382356, 9.809344
44, 17.770308, 10.975356, 18.766325
44, 4.3623686, 10.858036, 3.1317115
44, -1.5562786, 12.644165, -1.0295382
45, -1.1827718, 11.162109, 6.9481854
45, 2.5235655, 11.748707, 8.375174
45, 19.39602, 16.525284, 20.164583
45, 10.2091875, 0.44294083, 8.066312
45, 5.774991, -2.9114382, -5.968927
45, 8.406299, -6.3328567, 2.2841382
45, 3.8356283, -4.740664, -15.742357
45, 13.297802, 6.5818615, 0.8092649
45, 16.961042, 8.427847, 20.993002
45, 2.300898, 10.345661, 1.9920366
45, -1.2091088, 10.561146, 1.0702409
45, 0.69912827, 15.033651, 5.9880815
45, 3.675212, 16.973015, 16.405571
45, 13.1517515, 11.298583, 22.55407
45, 3.4980354, -5.3272614, 4.35758
45, 11.880392, -7.90829, -3.5052183
45, 3.2514253, -7.8340673, -13.352871
46, 11.008876, -6.091035, 4.216318
46, 26.993053, 9.859624, 23.224466
46, 9.792584, 9.122187, 18.098324
46, 0.43575802, 9.486116, 2.3823035
46, -0.6177229, 12.833313, 3.929005
46, 0.81165916, 8.648121, 0.5961744
46, -2.317658, 16.156567, 14.3871975
46, 21.251583, 12.883593, 27.625143
46, 5.195576, -2.8156672, 1.1827718
46, 4.4030714, -13.477373, -1.9728824
46, 2.9114382, -9.596253, -14.351283
46, 11.418297, -8.461368, 2.7510219
46, 25.487055, 9.404712, 15.50293
46, 10.046377, 8.662486, 19.020119
46, 0.035914123, 13.968199, -1.8052832
46, 1.6137413, 16.554016, 5.7462597
47, 2.7462332, 11.6409645, 5.5140147
47, 8.880365, 13.474978, 12.09827
47, 24.23006, 6.2945485, 24.723282
47, 1.8507744, -6.3352513, -0.5219519
47, 4.802915, -10.111023, -4.1804037
47, 1.8555629, -12.198831, -13.115837
47, 10.338479, -0.86193895, 8.707977
47, 37.915737, 19.252363, 29.6507
47, 2.7677817, 7.8316727, 7.142122
47, -5.5738716, 6.2346916, -0.1987248
47, -1.647261, 7.778999, 4.5443335
47, 3.9888618, 9.474146, 1.4796618
47, 16.4774, 25.961123, 14.799012
47, 24.052885, 8.583475, 18.859703
47, 1.7214836, -6.028784, -0.6560313
47, -0.023942748, -9.912297, -6.186806
47, -2.9305923, -12.459806, -11.339286
48, 7.5084457, 5.2937417, 1.5538844
48, 28.886925, 16.630632, 28.29075
48, -1.3623424, 8.370385, -9.785401
48, -4.6041903, 4.592219, 6.301731
48, -8.157294, 5.9880815, 2.3655436
48, 8.41827, 12.313755, 5.027977
48, 35.74413, 25.513391, 35.248512
48, 18.773508, 6.402291, 4.4126487
48, -2.0710478, -4.163644, -3.7829542
48, 3.756617, -8.755863, -1.8603516
48, -4.3025117, -13.927497, -12.838101
48, 0.19154198, -3.6297207, -10.13736
48, 41.148006, 19.003359, 46.66202
48, 3.4429672, 8.9498, 0.2944958
48, -2.2625897, 4.5060253, -3.3639562
48, -4.2187123, 8.995291, -5.174028
48, 6.804529, 15.280262, 3.8523881
49, 25.549307, 24.773561, 26.9739
49, 5.6313343, 1.56825, 6.517216
49, 5.1021996, -7.4270406, 0.18675344
49, 4.4413795, -10.752688, -6.5818615
49, 10.860431, -8.123775, -10.26665
49, 17.324972, 2.370332, 8.509253
49, 18.684921, 15.03844, 28.582853
49, 2.918621, 12.146156, 2.6241252
49, -2.9377751, 11.226754, -0.7996878
49, -2.935381, 12.23235, 3.172414
49, 7.439012, 15.450255, 10.05356
49, 29.538168, 14.763099, 35.708214
49, 11.559559, -3.2346652, 4.1947694
49, 5.6576715, -12.419104, -2.030345
49, 0.0670397, -10.060742, -14.413534
49, 8.887548, -8.978531, -4.130124
50, 26.265194, 4.889109, 11.248303
50, 18.306625, 14.897178, 21.931557
50, -1.5538844, 7.8101244, -7.7143536
50, -7.0271964, 5.4900723, 0.67757976
50, -3.222694, 6.8452315, 5.5283804
50, 4.9944572, 12.234744, 5.9713216
50, 44.234226, 21.23243, 24.249216
50, 4.0582957, -2.9832664, 0.68715686
50, 2.0494993, -6.632141, -1.0606637
50, -3.6728175, -9.174861, -8.854029
50, 10.625792, -6.6010156, 0.45491222
50, 34.9612, 5.190788, 43.09216
50, 9.428655, 14.363255, 3.0119977
50, -0.43336374, 8.719949, -0.9792584
50, -2.918621, 10.032011, 8.475733
50, 5.288953, 10.194822, 6.591439
50, 4.3168774, 19.506157, 8.636149
51, 28.88932, 10.735929, 13.683281
51, -0.15323359, -7.8963184, -4.6496816
51, -0.53871185, -9.584282, -7.120573
51, 1.7645805, -9.438231, -5.00164
51, 13.266677, 11.312948, 0.1699935
51, 22.764765, 13.132597, 21.12708
51, -2.1931558, 5.3009243, -4.642499
51, -4.846012, 6.177229, -1.0774237
51, -3.3615618, 7.762239, 1.6017698
51, 4.929812, 18.921953, 10.091868
51, 32.258064, 23.688955, 19.848537
51, 6.0766697, -2.3870919, 2.3056867
51, 4.2211065, -11.473365, 0.043096945
51, -1.776552, -9.653716, -18.14142
51, 9.385557, -5.133325, -5.774991
51, 41.20547, 18.15339, 20.83019
51, 6.6010156, 10.623397, 19.060822
52, -6.0766697, 5.949773, -5.681614
52, -4.477294, 7.8460383, 1.7190893
52, -2.9329867, 7.106208, 2.803696
52, 13.4821615, 25.779158, 24.689762
52, 30.713757, 14.650568, 10.096657
52, -1.5826156, -6.8093176, -0.77574503
52, 1.0127783, -11.724764, -3.4142358
52, -0.7541966, -8.92825, -11.645753
52, 8.870789, -4.7502413, -4.975303
52, 43.693123, 12.167705, 31.66668
52, 5.9018874, 7.56112, -0.7589851
52, -4.515602, 6.1556807, 8.195602
52, -6.9721284, 7.781393, 4.580248
52, -0.3423813, 9.732727, 4.3168774
52, 16.520496, 20.425558, 23.032923
52, 41.46884, 13.099077, -1.3264283
53, -3.110163, -10.587483, 0.1699935
53, -2.083019, -12.881199, -1.9058428
53, -4.4222255, -12.390372, -10.173274
53, 12.883593, -3.9888618, -1.8723229
53, 56.777832, 23.55727, 23.411219
53, 4.6496816, 9.660899, 2.7845416
53, -6.2346916, 5.4565525, 3.1484714
53, -5.549929, 6.9003, 4.635316
53, 5.078257, 11.763072, 3.4309957
53, 15.998545, 25.206924, 22.410412
53, 32.77044, 13.640183, 8.403905
53, -1.9489397, -7.7861814, 1.690358
53, -0.7302538, -13.712012, -7.2450757
53, -1.8148603, -14.41114, -10.64734
53, 9.998491, -6.550736, -1.4509305
53, 62.279877, 21.663399, 50.95735
53, -0.098165266, 8.877971, -2.7414446
54, -4.1540666, 5.827665, 0.43336374
54, -7.455772, 6.3975024, 5.5547175
54, 0.69673395, 10.28341, 1.3264283
54, 19.774315, 25.712116, 25.563673
54, 35.30119, 8.889942, 0.52913475
54, -2.80609, -11.578713, -0.89545876
54, -4.601796, -15.00492, -3.0263634
54, 0.6201172, -10.822123, -7.7526617
54, 16.74077, 1.8076775, 4.9441776
54, 40.365078, 21.799871, 14.322552
54, 3.8715425, 6.864386, 3.3232534
54, -6.4597535, 5.8755503, -2.8898897
54, -3.0215747, 5.549929, 3.093403
54, 3.684789, 7.1325445, 3.7829542
54, 27.131922, 21.11511, 13.64976
54, 22.113522, 6.4334164, 7.0870533
54, -0.5458947, -3.6033835, -3.9050622
55, 2.4254005, -7.5874567, -1.2737542
55, -4.336032, -11.810958, -12.981758
55, 6.7446723, -2.6097596, -8.43503
55, 49.190376, 15.807002, 34.207005
55, 3.7590115, 10.726351, -5.355993
55, -5.889916, 3.8092911, 8.93304
55, -5.31529, 6.6584783, 6.596227
55, 3.7326744, 9.294575, 1.7981004
55, 36.732964, 20.90202, 23.298689
55, 17.068785, 5.8755503, 3.9768906
55, 0.24900457, -3.7829542, 1.4676905
55, 1.8076775, -7.850827, -1.6999351
55, -1.2306572, -14.715213, -7.678439
55, -1.3264283, -5.3488097, -12.526846
55, 45.77614, 21.016945, 34.360237
55, -1.3958622, 8.717555, -8.360807
56, -7.187613, 3.5890179, 6.63693
56, -4.2139235, 7.0271964, 2.7294734
56, 4.532362, 12.625011, 0.3902668
56, 45.567837, 20.748785, 27.637114
56, 10.738322, -0.81165916, -1.7837347
56, 1.4413534, -8.075889, -0.845179
56, -0.026337024, -9.656111, -2.4254005
56, -1.2713599, -12.421497, -8.664881
56, 5.217125, -0.23463893, 1.7119064
56, 50.291744, 20.832584, 31.422462
56, -2.667222, 6.016813, -9.440625
56, -5.394301, 4.0151987, 4.2235007
56, -5.394301, 7.3863378, 3.0024207
56, 6.6776323, 12.500508, 2.9401696
56, 46.824833, 22.757582, 30.146315
56, 11.004087, 1.0391153, -2.8731298
56, -3.4262073, -7.23071, 0.9601042
57, 2.116539, -8.035186, -3.5052183
57, -1.4126221, -10.802968, -9.201198
57, 5.195576, 0.19393626, 2.1500587
57, 49.571064, 23.87092, 39.510323
57, -1.2426286, 10.218765, -10.269045
57, -5.7007685, 0.41420954, 5.97611
57, -8.116591, 1.951334, 7.3169036
57, 5.355993, 12.074327, 1.3288225
57, 20.820614, 19.91079, 18.89801
57, 19.084764, 8.114198, 4.599402
57, -0.63208854, -4.0750556, -2.7414446
57, 1.9393626, -8.159689, -2.1141446
57, -1.4389591, -11.597867, -11.121407
57, 8.197997, -5.312896, -7.1756415
57, 46.81765, 20.075994, 38.301212
57, 4.6664414, 8.897125, -2.2338583
57, -6.2131433, 4.453351, 0.6608198
58, -6.8165, 4.0295644, 4.903475
58, 5.5379577, 10.38397, -0.2657645
58, 32.420876, 23.435162, 30.749672
58, 22.388865, 7.9777236, 2.456526
58, -2.7222905, -5.61218, -2.3990633
58, -0.88109314, -8.830086, -1.6089526
58, -4.680807, -9.47654, -11.126195
58, 8.988108, -1.786129, -5.2267017
58, 48.002815, 19.573196, 36.91493
58, 4.3695517, 9.7135725, -3.5602865
58, -5.238673, 6.1125836, -1.2953026
58, -6.0239954, 4.9633317, 2.6504622
58, 5.583449, 12.004894, 4.1420956
58, 21.981836, 20.193314, 22.702515
58, 21.780718, 7.0367737, 5.176422
58, -3.8212626, -5.0184, -3.8045027
59, -2.5403256, -7.5299945, -0.72546524
59, -0.71588814, -7.9178667, -12.225167
59, 11.265063, 3.4956412, -0.33759275
59, 30.555735, 14.415929, 25.290726
59, -2.9114382, 6.021601, -4.113364
59, -0.61293435, 8.379962, -0.93616146
59, -3.301705, 6.689604, 5.751048
59, 5.296136, 13.755109, 8.545167
59, 38.866264, 21.931557, 19.82699
59, 12.069539, 1.6281068, 1.5059988
59, -2.4996228, -9.474146, -0.600963
59, -2.1835787, -11.312948, -7.190007
59, 1.0295382, -12.217984, -8.739103
59, 16.436697, 8.696006, 3.6704233
59, 31.68344, 17.396801, 27.890907
59, -3.0718546, 7.6066113, -4.644893
59, -5.025583, 6.7662206, -1.4269878
60, -3.3232534, 5.870762, 2.3392065
60, 13.666521, 15.785454, 9.490906
60, 30.7377, 18.184517, 13.987353
60, 7.623371, -0.3423813, 0.18675344
60, 1.56825, -4.199558, -6.2251143
60, -0.37350687, -5.5092263, -3.9601305
60, 8.767835, 0.7350424, 10.072714
60, 3.842811, 8.279403, 16.072767
60, 0.22266756, 0.009577099, 14.439872
60, -0.21309046, -0.37590113, 12.816553
60, -3.205934, 2.2673783, 1.2617828
60, -2.9066496, 1.0223553, 7.656891
60, -3.3064935, 8.449396, 11.217177
60, -0.057462595, 4.764607, 14.70803
60, -4.9800916, -1.6544439, 7.2594414
60, 9.871595, -2.5283542, 10.532414
60, 5.5810547, -3.2514253, -5.1596622
61, 7.905895, -4.1420956, -2.0159793
61, 39.970024, 11.056761, 23.662619
61, 7.5228114, 6.656084, 5.0136113
61, -5.566689, 6.150892, -3.3902931
61, -5.731894, 5.403878, 4.166038
61, 0.17717634, 7.6880164, 1.1731946
61, 5.403878, 18.177334, 19.431934
61, 40.717037, 14.403957, 9.050359
61, -2.5283542, -6.6153812, -2.545114
61, -1.7502149, -13.072741, -1.7214836
61, -4.235472, -16.182903, -13.922708
61, 7.56112, -5.008823, -0.8930645
61, 46.0443, 22.573223, 27.280367
61, -4.3767343, 7.048745, 0.90503585
61, -5.1788163, 5.3966956, 6.926637
61, -7.721536, 6.6704497, 0.37350687
62, 8.593052, 14.964217, 10.079897
62, 39.20146, 24.701733, 26.566874
62, 13.7814455, 0.6440599, 2.281744
62, -2.1979442, -12.902747, -2.248224
62, -0.8092649, -15.198856, -7.5922456
62, 1.8914771, -13.216397, -12.4622
62, 17.84453, 2.6265194, 10.443827
62, 32.689034, 20.8685, 19.101524
62, -5.6744313, 7.556331, -3.8380225
62, -6.4860907, 5.686403, 1.175589
62, -3.407053, 4.9872746, 0.6081458
62, 11.791803, 19.063215, 12.912324
62, 37.90616, 19.415174, 25.692963
62, 6.299337, -5.99287, 1.6664152
62, -4.122941, -18.529293, -6.318491
62, -5.4900723, -17.791857, -13.599481
62, 15.040834, -9.692024, -3.8021083
63, 57.874413, 21.531713, 35.717793
63, 13.769474, 13.659338, 6.2131433
63, -7.7766047, 6.5459476, -7.395915
63, -8.224334, 3.2250881, 4.8220696
63, 1.6807809, 6.981705, 5.0567083
63, 35.432873, 36.833523, 21.376085
63, 28.058506, 8.348836, 8.741497
63, -7.85801, -13.276254, -4.3695517
63, -2.7677817, -17.212442, 0.339987
63, -2.4852571, -12.797399, -12.29939
63, 15.304205, -0.5219519, 1.4820561
63, 45.752197, 17.818193, 32.708187
63, 12.431075, 12.308967, -3.057489
63, -4.599402, 7.0176196, -4.4246197
63, -5.978504, 6.091035, 8.403905
63, 10.951413, 14.782252, 1.7573977
63, 31.96357, 22.58759, 23.411219
64, 21.301863, 1.9561225, 8.494887
64, -2.832427, -5.95935, -4.336032
64, 1.7143008, -7.8915296, -2.803696
64, -5.97611, -11.0352125, -13.350476
64, 5.1596622, -6.0527267, -6.4573593
64, 45.38587, 19.297855, 34.61882
64, 0.10055954, 9.4932995, -6.7638264
64, -6.952974, 6.7734036, 0.59378016
64, -4.312089, 7.2019787, 1.8579572
64, 7.695199, 10.106234, 3.8116856
64, 29.681826, 28.183008, 29.30353
64, 20.636255, 7.8125186, 5.731894
64, -3.5339496, -5.95935, -1.2091088
64, 2.2841382, -9.071907, -1.3264283
64, -1.4437478, -13.829331, -14.229176
64, 2.4014575, -8.317711, 0.0
65, 49.92063, 28.142305, 29.660276
65, -3.7326744, 9.313729, -3.921822
65, -8.394327, 5.5283804, 6.0527267
65, -5.810905, 9.560339, 3.5985951
65, 8.420665, 13.2618885, 10.551569
65, 41.45208, 20.389645, 23.96669
65, 10.005674, -4.434197, 4.9537544
65, -1.0965779, -8.681641, -2.5618742
65, -1.1085492, -7.9968777, -9.514848
65, 5.157268, -9.538791, -6.938608
65, 3.9768906, 2.8491871, -0.36871833
65, 26.9739, 18.366482, 31.403309
65, -5.06868, 7.963358, -3.1843855
65, -7.0104365, 6.708758, -1.1348863
65, -1.4198049, 8.746285, 0.88109314
65, 20.116697, 24.747225, 16.700068
65, 30.986704, 15.711231, 8.968953
66, -8.142929, -10.23313, 5.648094
66, -2.8563697, -7.8364615, -2.8372157
66, -1.9010541, -7.14691, -10.779025
66, 12.874016, -6.732701, -4.9705143
66, 48.831234, 17.909176, 29.789568
66, 10.8700075, 18.007341, 5.8851275
66, -2.9760835, 9.634562, -5.33205
66, -4.625739, 4.1564612, 4.022382
66, 1.7478206, 4.398283, 2.3799093
66, -10.841276, 15.390398, 5.480495
66, 44.55985, 22.688148, 15.641797
66, -0.023942748, -2.1811843, 0.102953814
66, -0.043096945, -8.497281, -2.370332
66, -7.0511394, -14.356071, -8.794171
66, 11.32492, -7.168459, -2.056682
66, 69.15863, 20.238806, 47.782543
67, 4.6137676, 14.873235, -7.082265
67, -5.288953, 6.0694866, 1.3216397
67, -8.684034, 3.634509, 6.0886407
67, 1.594587, 8.719949, 4.1397014
67, 14.909149, 24.752012, 22.233236
67, 29.758442, 11.798986, 2.719896
67, -6.316097, -8.58587, -1.0678465
67, -0.062251143, -10.149331, -4.331243
67, -2.4206119, -12.036019, -11.320131
67, 9.435837, -2.3392065, -1.158829
67, 43.008358, 20.411192, 36.811974
67, 3.8811195, 10.436644, 0.5363176
67, -5.549929, 8.363202, -4.7358756
67, -6.711152, 5.5738716, 2.5594797
67, 4.1157584, 10.089474, 11.523644
67, 29.463945, 26.91165, 28.429619
67, 17.372858, 4.5898247, 8.789383
68, -3.0000262, -7.7670274, -5.3535986
68, 0.06943397, -11.375199, -3.344802
68, -0.86912173, -11.832506, -10.671283
68, 8.535589, 3.1149516, -5.8061166
68, 32.463974, 20.93554, 35.813564
68, -4.1349125, 6.8883286, -7.4102807
68, -6.5746784, 3.849994, -2.8994668
68, -6.1748347, 4.4677167, 1.3671309
68, 4.9776974, 12.546, 8.236305
68, 32.77044, 26.976294, 27.883724
68, 15.495747, 6.60341, 8.334471
68, -3.0718546, -8.60263, -3.8835137
68, 1.2234744, -12.42868, -3.2873392
68, -0.4764607, -12.979363, -12.739936
68, 24.28034, 2.3823035, 7.2881727
68, 29.71295, 21.016945, 23.207706
68, -0.9792584, 8.032792, -0.59378016
69, -6.395108, 6.1820173, -2.4254005
69, -4.8915033, 5.032766, 1.7526091
69, 1.8244374, 9.909904, 4.503631
69, 46.2526, 28.400888, 40.240578
69, 10.075109, 1.2546, 2.8635526
69, -1.5802214, -11.183658, -4.8819265
69, -1.1875603, -12.555577, -7.455772
69, 4.9106574, -12.967392, -4.2211065
69, 21.268343, 11.9402485, 6.0263896
69, 29.073679, 19.59235, 24.208513
69, -6.517216, 6.8524146, -9.534002
69, -8.923462, 2.762993, -0.07901107
69, -5.4517636, 2.6720107, 4.084633
69, 11.65533, 19.982618, 12.3807955
69, 33.687447, 20.329788, 18.682526
69, 3.6632404, -2.2027328, -0.24421602
69, 0.7398309, -10.707197, -1.9058428
70, -1.9178141, -11.887574, -8.348836
70, 7.814913, -10.553964, -4.7167215
70, 37.865456, 16.319378, 11.899546
70, 21.110321, 16.235577, 8.648121
70, -5.90907, 6.203566, -5.2219133
70, -5.054314, 4.455745, 1.8172545
70, -1.6999351, 6.591439, 0.6751855
70, 22.803074, 27.58444, 23.133484
70, 29.119171, 15.644192, 6.1892004
70, -4.005622, -7.613794, -2.8108785
70, -1.6855695, -10.822123, -2.8707354
70, -0.36871833, -9.282603, -5.174028
70, 5.480495, -10.561146, -5.212336
70, 21.88367, 14.375226, 8.717555
70, 27.543737, 18.040861, 22.161407
70, -1.0319325, 7.2019787, -7.125362
71, -5.1859994, 3.5387383, -0.5698374
71, -5.856396, 4.45814, 3.2633965
71, 1.9848539, 9.088667, 10.975356
71, 36.981968, 24.522163, 28.056112
71, 9.924269, 3.1556542, 4.0104103
71, -3.1317115, -7.415069, 0.2466103
71, 3.0622776, -7.1924014, -4.6041903
71, -5.97611, -12.795005, -14.281849
71, 8.370385, 0.53871185, -0.91461295
71, 34.934864, 21.321016, 18.548447
71, 0.91700727, 6.344828, -5.0136113
71, -4.5491223, 4.149278, -0.8140534
71, -4.8747435, 3.5219781, 3.6297207
71, 6.682421, 11.466182, 5.4062724
71, 27.620354, 23.78712, 19.427145
71, 17.020899, 10.903527, 2.291321
71, -1.647261, -1.2953026, -2.0878077
72, 3.7925313, -6.531582, 1.4748733
72, -1.6807809, -8.46855, -12.038414
72, 10.94423, -5.032766, -0.45491222
72, 34.257282, 17.186104, 24.428785
72, 13.455825, 12.524451, 13.300197
72, -3.387899, 6.423839, -6.4573593
72, -1.8292259, 4.982486, -0.3974496
72, -4.4988422, 3.0550947, 1.5275474
72, 4.8915033, 14.698453, 5.487678
72, 39.64919, 25.67381, 34.803177
72, 6.3376455, 2.604971, -1.3479767
72, 4.051113, -5.6337285, -1.4341706
72, 1.89866, -8.830086, -6.943397
72, -2.588211, -9.452597, -10.439038
72, 9.5244255, -1.7957062, -0.41420954
72, 53.543167, 19.635448, 45.41939
72, 9.210775, 9.7135725, -4.869955
73, -0.84996754, 4.3001175, -5.686403
73, -2.3990633, 1.9633054, 2.3272352
73, -2.1620302, 2.1237218, 0.84278476
73, 6.610593, 11.329708, 3.1580484
73, 38.301212, 22.89645, 18.86449
73, 11.76786, 6.1556807, -1.2354459
73, 3.6488748, -4.3791285, 1.376708
73, 5.4230323, -7.4701376, -7.4222517
73, 2.6720107, -12.778245, -10.678466
73, 14.025661, 9.471751, -7.9777236
73, 24.922007, 21.632273, 25.376919
73, 13.297802, 16.848513, -6.9003
73, 1.8244374, 2.5379312, 11.593079
73, -1.4557191, -2.1069617, 13.805388
73, -0.22985038, 0.07901107, 6.4166565
73, -0.102953814, 16.424725, -6.1915946
74, -12.438257, 8.260248, -9.847652
74, 2.047105, 2.2338583, -6.071881
74, 5.4685235, -1.2953026, -11.329708
74, -0.93616146, -2.7749646, 0.63208854
74, 16.436697, 13.695251, 12.349669
74, 9.557945, 20.210073, 2.535537
74, 9.888355, 15.653769, -6.6872096
74, -0.24182175, 3.4166303, -1.1971374
74, -2.403852, -0.54350036, -1.5730386
74, -4.4389853, 8.0711, -1.9417568
74, 3.337619, 18.371271, -0.14605077
74, 3.4621215, 22.59956, -4.7885494
74, 1.9704882, 8.492493, -1.6592325
74, 1.4772675, 2.7390504, 5.480495
74, -5.4661293, -0.7398309, 4.889109
74, 2.0231621, 6.1532865, 2.8635526
74, 15.191673, 19.008148, 0.21787901
75, 5.4350038, 9.007262, -12.466989
75, 0.8379962, -1.8292259, -1.6161355
75, -1.063058, -0.5219519, -0.7015225
75, -14.363255, 2.971295, -1.3814965
75, -16.127834, 25.594797, 0.56744313
75, -11.22436, 9.155706, 7.642525
75, 5.025583, -0.45251793, 4.2211065
75, 8.865999, -6.7829804, 6.8284717
75, 8.777411, 0.23463893, -3.562681
75, 18.033678, 5.276982, 16.278675
75, 22.266756, 12.538817, 16.403177
75, 4.640105, 7.743085, 5.4757066
75, -5.5379577, 8.71516, -2.248224
75, 0.9888355, 9.198804, 4.8579836
75, 11.068732, 11.815746, 15.366456
75, 22.139858, 13.975382, 18.871674
75, 12.342486, 4.7789726, 6.63693
76, -0.5650489, -3.5147953, -0.7398309
76, -1.7669748, -5.461341, -3.1580484
76, 0.0023942748, -6.2586346, -10.206794
76, 6.65369, -3.0718546, 0.71828246
76, 33.732937, 17.186104, 24.87891
76, 2.578634, 9.021627, 2.1285102
76, -3.2370596, 5.5738716, 1.7358493
76, -2.073442, 4.8723493, 1.7454263
76, 5.138114, 13.745532, 8.147717
76, 13.929891, 16.592325, 20.50457
76, 17.45187, 5.7558365, 5.008823
76, -0.12450229, -6.708758, -1.0415095
76, -1.0917894, -9.29218, -5.1093826
76, 2.2147043, -9.390346, -7.640131
76, 52.077873, 13.810177, 25.230867
76, 13.822148, 10.76466, 1.9704882
77, -4.7071443, 7.685622, -2.0375278
77, -6.952974, 4.309695, 1.0750294
77, -2.6001825, 7.23071, 5.767808
77, 15.488564, 17.090334, 18.297049
77, 29.94759, 15.35209, 4.757424
77, -0.59378016, -3.110163, -0.4668836
77, 0.35674694, -4.11097, -1.9896424
77, -3.1436827, -9.428655, -8.935433
77, 6.2682114, -8.107015, -3.9170337
77, 47.952538, 18.893223, 35.411324
77, 1.6305012, 10.395941, -1.0654523
77, -3.8619652, 6.4525704, 2.5020173
77, -5.626546, 7.2953553, 2.1716073
77, 6.136526, 15.246742, 11.614627
77, 37.527863, 25.592403, 23.940353
77, 10.405519, -1.1253091, 8.013638
77, -0.6057515, -8.528407, -1.9848539
78, -4.537151, -11.58829, -7.041562
78, 7.843644, -8.825297, -6.632141
78, 24.785532, 10.656918, 9.466963
78, 23.521357, 14.9714, 15.577152
78, -4.189981, 6.2083545, -4.7358756
78, -6.0335727, 4.0032277, 3.727886
78, -4.529968, 7.1828246, 7.8987126
78, 10.113417, 25.046509, 23.099964
78, 32.09286, 14.229176, 6.7135468
78, -0.85236186, -7.3049326, -1.3455825
78, -3.1053743, -10.568329, -4.9417834
78, -4.338426, -11.916306, -9.718362
78, 11.933065, -5.89231, -0.28731298
78, 48.8025, 23.547693, 25.101578
78, 1.4006507, 9.79019, 4.6760187
78, -4.233078, 6.7015753, 2.8467927
78, -7.204373, 5.4110613, 3.4238129
79, 3.5770466, 11.844478, 2.9162266
79, 24.289917, 27.503035, 26.789541
79, 18.261133, 4.517997, 10.40073
79, -0.7302538, -7.1109962, -2.5475085
79, -3.1412885, -10.735929, -3.991256
79, 1.1564348, -11.322526, -5.5451403
79, 0.7829279, -2.535537, -6.4621477
79, 42.855125, 20.98103, 25.42241
79, -2.0279508, 7.7526617, -1.6568382
79, -5.0136113, 6.3328567, 3.1460772
79, -6.2706056, 5.8228765, 1.3000913
79, 6.4405994, 14.612259, 7.4438004
79, 29.277193, 18.29226, 19.290672
79, 4.000833, -2.7366562, 5.0998054
79, -0.4932206, -8.360807, -9.019233
79, -1.8483802, -9.217958, -9.450203
80, 13.293014, -7.185219, 1.4700848
80, 23.681772, 10.063137, 12.244322
80, 13.690463, 14.502123, 12.18207
80, -2.0087965, 9.462174, 0.45970076
80, -2.0064023, 8.358414, 4.1540666
80, -0.25139886, 9.943423, 2.9832664
80, 2.020768, 17.372858, 15.562786
80, 31.647524, 16.281069, 19.484608
80, 2.7917244, -2.4852571, -1.7262721
80, -1.158829, -10.055954, -0.5506832
80, -5.1620564, -12.016866, -8.265037
80, 14.123827, -5.1788163, -3.3064935
80, 46.503998, 15.660952, 30.790375
80, 13.000913, 14.77507, 5.681614
80, -3.2274826, 7.1732473, -0.6943397
80, -5.2027593, 6.0072355, 1.620924
80, -2.6169424, 5.913859, 1.158829
81, 6.873963, 22.369709, 20.782305
81, 32.780018, 19.996983, 13.501316
81, 2.6863763, -3.7614057, 1.1085492
81, -0.3232271, -8.590658, -2.8874955
81, -1.5562786, -11.360834, -7.1325445
81, 7.666468, -7.728719, -2.8946784
81, 53.962166, 20.581186, 29.70098
81, 10.010463, 13.968199, 2.004008
81, -4.702356, 6.3759537, -1.2881198
81, -6.4429936, 5.6337285, 1.6041641
81, 6.028784, 12.644165, 2.892284
81, 15.258714, 24.500614, 25.53494
81, 17.880444, 8.40151, 7.3767605
81, 2.142876, -4.6688356, 0.81165916
81, -1.7526091, -10.913105, -0.8236305
81, -0.25379312, -10.790997, -9.694419
81, 3.4262073, -1.664021, -9.134158
82, 43.76495, 22.525337, 33.886173
82, -0.40223816, 8.12138, -1.6807809
82, -4.4270144, 4.8986864, 0.6368771
82, -6.454965, 4.304906, 0.5506832
82, 7.369578, 12.368824, -2.8180614
82, 27.084036, 23.001799, 20.279507
82, 13.472585, 8.889942, 8.676852
82, -2.1141446, -4.0295644, -3.624932
82, 1.0750294, -10.465375, -0.97446984
82, -0.4644893, -12.11503, -9.091062
82, 3.8092911, -0.16041641, -5.8851275
82, 43.19272, 24.651453, 28.489475
82, -1.8411974, 7.8891354, -3.842811
82, -7.448589, 3.2202997, -0.0071828244
82, -7.937021, 4.2546263, 3.79732
82, -1.0079896, 14.09749, 7.3743663
83, 38.698666, 24.26358, 12.651348
83, 5.3488097, -4.4270144, 5.5786605
83, -3.964919, -12.4909315, -4.68799
83, -1.4054393, -11.90194, -8.399116
83, 7.49408, -8.786988, -7.80773
83, 27.40487, 13.884399, 7.8723755
83, 25.611557, 16.199663, 23.1263
83, -0.7996878, 8.178843, -4.781367
83, -4.913052, 5.5882373, -0.9529214
83, -6.0694866, 7.3815494, 2.6624336
83, 12.253899, 17.119064, 13.003306
83, 32.82551, 21.677765, 19.994589
83, 16.882032, 2.9138324, 2.667222
83, -4.817281, -9.981731, -1.8411974
83, -0.5698374, -12.546, 0.81165916
83, -0.29928434, -12.546, -15.823762
83, 19.257153, 4.065479, 0.505192
84, 30.97234, 20.612312, 18.177334
84, -3.4357843, 8.475733, -4.644893
84, -4.6688356, 5.6385174, 1.5634614
84, -5.933013, 5.9473786, 2.8084843
84, 3.4884584, 18.854914, 7.108602
84, 33.54379, 17.983398, 20.363308
84, 4.0319586, -1.3312168, 3.9792848
84, -1.0439038, -7.161276, 0.2561874
84, 0.7589851, -9.196409, -4.2570205
84, 2.5642684, -11.209994, -12.419104
84, 31.511051, 8.571504, 16.834146
84, 20.98103, 16.515707, 12.514874
84, -2.5570855, 8.130958, 2.944958
84, -5.140508, 3.9744961, 2.1213274
84, -1.525153, 4.228289, 9.131764
84, -3.380716, 3.6177492, 19.264336
84, 7.3001437, -1.5299416, 20.00656
85, 2.3583608, -0.54828894, 4.558699
85, -0.7206767, -3.9170337, 6.016813
85, 5.071074, 0.59378016, 0.34477556
85, 8.150111, 0.80687064, 23.387276
85, 3.3998702, 5.28177, 7.407886
85, 4.2378664, 3.3352249, 14.391986
85, 1.1923488, 5.585843, -1.9465454
85, -3.2179053, 1.6041641, 5.1261425
85, -2.5906053, 3.0957973, 6.426234
85, -5.1979704, 11.2914, 22.472664
85, 7.59464, 7.3863378, 22.606743
85, -0.8475733, -0.6608198, 0.9289786
85, 5.748654, -8.475733, 1.8340145
85, -1.6065584, -7.6066113, -15.768694
85, 4.853195, -3.1341057, -5.4254265
85, 55.183247, 23.629099, 34.319534
86, 0.81644773, 8.442213, -7.9609637
86, -6.002447, 5.2027593, -0.93616146
86, -6.754249, 2.3918805, 5.5331693
86, 6.5124273, 13.3959675, 4.496448
86, 25.975487, 20.696112, 30.072092
86, 19.017725, 9.012051, 2.004008
86, -4.575459, -4.6568646, -4.72151
86, 0.21069619, -8.959376, -1.2833313
86, 0.6296943, -8.691217, -10.881979
86, 9.708784, 1.7909175, 0.29210153
86, 29.279587, 16.726404, 25.503815
86, 0.9433443, 7.7837873, -1.3551595
86, -3.6800003, 5.607392, -0.6273
86, -5.0184, 5.748654, 0.87151605
86, 6.7638264, 14.672116, 9.06233
86, 31.11839, 23.734446, 24.933977
86, 12.26587, 3.1317115, 5.6002088
87, -1.3910737, -6.6680555, -1.5323359
87, 1.158829, -9.067119, -3.2921278
87, -1.7166951, -10.324113, -16.776684
87, 4.4653225, 1.1708003, 1.4820561
87, 37.894188, 22.187744, 28.463139
87, 1.515576, 7.312115, -2.3846977
87, -6.3137026, 2.9114382, -0.1699935
87, -9.304152, 4.5275736, 4.573065
87, 2.5738454, 13.518076, 3.1412885
87, 27.632326, 22.161407, 37.008305
87, 16.57796, 7.0535336, 3.110163
87, -2.779753, -4.635316, -3.8978794
87, 0.04070267, -9.031204, -0.43096948
87, -1.8747171, -10.348056, -11.887574
87, 20.406404, 12.004894, 3.258608
87, 24.105558, 15.902773, 23.744022
87, -0.021548472, 5.9904757, -1.812466
88, -3.7302802, 3.5363438, 0.38547826
88, -6.5196104, 5.8827333, 3.5243726
88, 4.2187123, 17.20047, 11.25788
88, 24.256397, 17.957062, 24.203724
88, 17.573977, 5.4565525, 3.3519847
88, -3.8140798, -8.063917, -3.1676257
88, -0.6943397, -8.755863, -4.067873
88, -0.6847626, -9.088667, -13.570749
88, 17.976215, 8.236305, 7.3839436
88, 30.34025, 17.346521, 22.31943
88, -3.3208592, 7.4270406, -6.4429936
88, -4.972909, 4.5491223, 0.06943397
88, -5.8444247, 3.79732, 2.8683412
88, 3.328042, 11.391959, 3.2633965
88, 13.441459, 21.639456, 33.81195
88, 7.3001437, -4.922629, 23.504597
89, -0.70631105, -8.197997, -2.3942747
89, 2.2985039, -10.340873, -7.518023
89, 1.1899546, -7.666468, -14.382409
89, 20.368095, 10.721562, 14.72479
89, 24.215696, 13.412727, 27.459938
89, 2.5834224, 6.938608, -2.317658
89, -3.2035396, 4.860378, -3.5171897
89, -0.72785956, 5.777385, 3.3902931
89, 1.2234744, 9.778218, 1.5036045
89, 18.871674, 25.348186, 24.21809
89, 23.720081, 12.981758, 10.951413
89, -0.66321415, -3.964919, -0.32801566
89, 3.059883, -9.61062, 1.489239
89, -4.4988422, -11.763072, -15.081537
89, 11.063944, -4.6832013, 0.9313729
89, 48.563076, 24.160627, 33.81674
89, 8.300951, 12.969787, 1.8675344
90, -5.6672482, 4.972909, 1.5850099
90, -6.0670924, 5.5092263, 1.0415095
90, 2.1332989, 11.322526, -0.9768641
90, 21.704102, 25.946756, 24.651453
90, 30.22293, 15.991362, 10.841276
90, 3.8045027, -2.152453, -0.50998056
90, 3.1053743, -13.044009, 0.75180227
90, -3.2873392, -12.713599, -15.03844
90, 9.909904, -11.602655, 0.2681588
90, 31.333874, 15.361668, 17.334549
90, 19.21645, 16.625845, 18.328175
90, -0.75659084, 9.153313, -6.021601
90, -6.136526, 5.813299, -1.8196489
90, -2.1740015, 5.1644506, 5.0998054
90, 12.069539, 20.308239, 16.168537
90, 30.03139, 22.82941, 11.262669
90, 6.7566433, 0.014365649, 6.203566
91, -3.8523881, -13.788629, 5.810905
91, 2.466103, -8.875577, -9.692024
91, 7.963358, -6.490879, -10.441432
91, 13.518076, 11.921094, 9.742304
91, 28.27878, 18.680132, 23.746418
91, -1.228263, 6.438205, -5.8324533
91, -3.014392, 2.8994668, -2.3727264
91, -4.494054, 2.6863763, 2.1620302
91, 2.351178, 11.243514, 3.8045027
91, 20.866104, 27.012209, 24.699339
91, 17.212442, 7.491686, 10.0200405
91, 1.5897985, -4.4413795, -2.011191
91, -0.7901107, -8.897125, -3.8284454
91, -4.98488, -10.295382, -11.368017
91, 12.402344, -2.0016139, 0.36392978
91, 33.143948, 20.430347, 15.514901
92, 15.706443, 10.896344, 11.681666
92, -1.4293821, 4.216318, -8.109408
92, -2.2985039, 2.5307484, 1.1085492
92, -2.7821474, 4.7885494, 2.317658
92, 9.749487, 14.799012, 3.849994
92, 9.251478, 18.816607, 16.211636
92, 17.942696, 11.439845, 11.284217
92, 4.4246197, -2.0351336, -0.7015225
92, 4.783761, -11.3105545, -3.8380225
92, -1.1157321, -8.688824, -12.783033
92, 5.4517636, -3.337619, -3.232271
92, 46.27894, 24.701733, 17.229202
92, 17.097517, 8.573898, 9.608225
92, -4.477294, 1.6616267, -9.433443
92, -3.2681851, 1.9154198, -5.5283804
92, -2.2458298, -0.54350036, 1.2210802
92, 6.5028505, 7.5922456, 10.527626
93, 12.2155905, 24.160627, 0.22985038
93, 14.068759, 8.200391, 10.4845295
93, -6.797346, 1.4245936, -6.409474
93, 15.10548, -1.7813405, 3.8883023
93, -4.309695, -8.509253, -11.791803
93, 1.7741576, -8.358414, -4.024776
93, 44.533512, 5.9378014, 30.033783
93, 13.283437, 7.2522583, -9.569917
93, 2.257801, 7.8364615, -2.2601955
93, 0.82602483, 6.2706056, 3.3519847
93, -1.6975409, 4.9346004, -2.004008
93, 14.861263, 8.063917, 9.27542
93, 39.902985, 13.958622, 1.6233183
93, 12.301784, 0.90503585, 6.091035
93, 3.0862203, -3.050306, -6.431022
93, 3.6129606, -7.4174633, -3.2538195
93, 0.84039044, -15.838128, 0.54828894
94, 20.114304, 4.7358756, -4.5467277
94, 27.61796, 17.313002, 21.742409
94, -2.3487835, 8.262642, -3.1748085
94, -2.19555, 8.250671, -2.9090438
94, 0.2083019, 6.3113084, -1.9656997
94, 19.175747, 21.7879, 12.42868
94, 27.009813, 13.525258, 14.303398
94, 3.3208592, -1.0702409, 2.083019
94, 2.473286, -10.276228, 0.2466103
94, -1.0391153, -9.941029, -8.454185
94, 12.481355, -8.011244, -8.729526
94, 35.49273, 18.419157, 17.059208
94, 11.509279, 14.224386, 18.234797
94, -3.1365, 7.7933645, -0.99362403
94, -4.187587, 5.731894, -0.9122187
94, -0.91461295, 7.0080423, 1.0702409
95, 11.032818, 20.267536, 16.75274
95, 26.758415, 16.721615, 14.047211
95, 5.6552773, 0.28013015, -3.4118416
95, -5.262616, -13.276254, 2.5068057
95, 1.5658557, -11.851661, -0.81644773
95, 5.6169686, -6.471725, -10.173274
95, 17.004139, 6.986494, 12.797399
95, 27.400082, 19.532494, 19.980223
95, -1.5921928, 7.6736507, -2.9641123
95, -5.9617443, 6.902694, -3.6560576
95, -2.1189332, 6.9577627, -0.16759923
95, 16.609085, 20.715265, 23.320236
95, 25.149462, 14.559586, 12.773457
95, 2.3032923, -2.4110348, 2.1309047
95, -0.72785956, -8.147717, 1.1492519
95, -0.531529, -5.7965393, -9.73991
95, 10.642551, -4.336032, -6.1484976
96, 27.950764, 8.684034, 16.419937
96, 19.779104, 11.760678, 14.621837
96, 2.116539, 10.063137, -7.0894475
96, -3.007209, 5.9449844, 1.2043202
96, -7.5323887, 3.6656346, 9.014444
96, 0.9385557, 14.212416, 6.241874
96, 40.286068, 23.45671, 31.173458
96, 8.102226, -1.56825, 3.318465
96, -0.70631105, -9.93624, -4.443774
96, 0.17478207, -9.349643, -7.2522583
96, 4.601796, -6.572284, -10.810151
96, 38.183895, 10.632975, 16.53965
96, 15.821368, 12.687263, 13.870034
96, -2.9138324, 8.181237, -6.0048413
96, -5.1285367, 5.2650104, 7.5419655
96, -2.80609, 9.553157, 3.0981915
96, 5.791751, 23.559664, 15.457438
97, 29.784779, 15.067171, 7.2450757
97, -1.8004947, -5.5116205, -1.7406378
97, -3.0119977, -10.2642565, -1.7981004
97, -2.1979442, -7.4533772, -8.554744
97, 15.495747, -4.889109, -4.2642035
97, 48.124924, 9.730332, 35.42569
97, 7.4797144, 8.08786, 4.817281
97, -1.8292259, 7.9561753, -3.1772027
97, 2.875524, 10.376787, 15.572363
97, 1.8100717, 12.450229, 0.84039044
97, 16.123047, 16.879637, 15.457438
97, 37.489555, 14.727184, 8.940222
97, -2.9377751, -9.711179, 1.9800652
97, -0.7781393, -9.490906, -5.2075477
97, 0.38547826, -9.747093, -8.796566
97, -0.50998056, -8.705584, -1.8507744
98, 53.67246, 23.054472, 48.002815
98, 8.370385, 13.530047, -7.046351
98, -3.6823947, 4.7598186, -1.4365649
98, -3.347196, 7.101419, 4.187587
98, 4.0032277, 12.464595, 5.672037
98, 31.652313, 23.095175, 29.787172
98, 14.921121, 4.4988422, 4.745453
98, 0.26097596, -5.195576, -2.4493432
98, -2.0949905, -9.44302, -3.8212626
98, 2.3463893, -10.039194, -9.512454
98, 4.503631, -0.65124273, -6.8524146
98, 36.3403, 18.854914, 24.088799
98, -1.0415095, 8.461368, -2.5522969
98, -6.038361, 4.8938975, 3.6728175
98, -3.4812756, 5.803722, 2.3679378
98, 12.811765, 21.59157, 9.4932995
98, 28.599613, 17.310606, 16.106287
99, 6.708758, -2.6863763, 6.2777886
99, 0.6751855, -9.117398, -0.6177229
99, 1.5658557, -7.702382, -11.516461
99, 6.926637, -8.028004, -8.664881
99, 32.562138, 11.432662, 22.307459
99, 17.775097, 14.023268, 13.640183
99, -5.1788163, 6.0048413, -5.1620564
99, -6.0263896, 3.265791, 3.8021083
99, -4.7191157, 3.9936504, 1.0750294
99, 5.2147307, 13.556384, 2.360755
99, 37.317165, 19.64263, 20.279507
99, 8.923462, 0.22985038, 3.380716
99, -1.498816, -7.57788, -1.6233183
99, 0.5889916, -10.237919, -4.460534
99, 2.056682, -15.524478, -1.2833313
99, 8.988108, 2.6289136, -7.18043
99, 34.736137, 21.251583, 18.986599
100, -3.842811, 6.3831367, -5.272193
100, -9.0838785, 3.4357843, 8.0687065
100, -0.6153286, 11.171686, 0.5985687
100, 0.22745611, 21.711285, 12.567549
100, 39.07217, 15.747146, 11.490125
100, 0.5650489, -4.903475, -0.32801566
100, -1.0965779, -6.9673395, -1.7813405
100, -2.073442, -9.016839, -9.560339
100, 11.521251, -5.6672482, -1.6400782
100, 45.04828, 21.270737, 31.4488
100, 5.6145744, 10.125388, -2.1907616
100, -3.1053743, 5.0207944, -1.6592325
100, -6.481302, 2.6839821, 7.860404
100, 3.4214187, 12.744725, -0.09577099
100, 14.8516865, 21.847757, 18.19649
100, 33.019444, 11.447028, 7.7909703
101, -1.1564348, -5.176422, -0.5650489
101, 2.0590763, -8.9186735, 2.9425638
101, -1.3264283, -8.559532, -10.831699
101, 7.003254, -9.246689, -3.407053
101, 25.118338, 9.838076, 4.479688
101, 23.322632, 16.386417, 18.821394
101, -5.176422, 5.00164, -3.9098508
101, -5.116565, 6.8236833, 0.9792584
101, -3.4549387, 9.229929, 0.8978531
101, 6.7925577, 23.502201, 20.133457
101, 35.253304, 16.3936, 17.135824
101, 1.8914771, -2.978478, -2.0902019
101, 1.7406378, -4.6760187, -0.7685622
101, 1.2665714, -9.407105, -11.104647
101, 9.833286, -11.44224, -1.4652961
101, 43.14962, 18.85731, 25.04172
101, 14.2770605, 18.285076, 3.050306
102, -4.869955, 4.6832013, -0.6560313
102, -9.160496, 1.5850099, 9.318518
102, -0.098165266, 13.807783, 4.697567
102, 28.834251, 35.84469, 32.564533
102, 32.301163, 3.1412885, 6.2969427
102, -5.4852834, -15.074354, -4.5108137
102, -1.1731946, -14.897178, -7.6449194
102, -2.4349775, -11.494913, -15.627432
102, 15.7327795, -3.0527003, 6.464542
102, 51.979706, 24.807081, 33.831104
102, 3.6560576, 8.739103, -0.019154198
102, -6.318491, 6.742278, -1.7933118
102, -7.1924014, 6.167652, 5.06868
102, 6.7135468, 13.604269, 4.9800916
102, 27.854994, 22.707302, 31.132755
102, 21.251583, 7.2019787, 3.059883
102, -4.879532, -7.228316, -5.854002
103, 1.2689656, -9.569917, 1.5347302
103, -2.4804688, -8.837268, -13.573144
103, 9.220352, -3.7877429, 0.5411061
103, 50.306107, 19.77671, 47.73226
103, 6.7829804, 10.202005, -6.143709
103, -6.2131433, 5.4086666, -4.7286925
103, -7.4892917, 3.1580484, 1.2689656
103, -1.1420691, 6.014418, 4.7598186
103, 26.966717, 39.033863, 26.162241
103, 32.12159, 8.114198, 0.70870537
103, -8.346442, -16.745558, -4.0199876
103, -2.9234095, -18.16297, -5.6768255
103, 1.1779832, -13.640183, -10.525232
103, 13.218791, -4.1540666, 1.7669748
103, 54.60862, 26.435188, 41.13843
103, 6.8524146, 12.457412, -3.1341057
104, -4.685596, 5.296136, -2.9473522
104, -7.4102807, 4.381523, 4.328849
104, -0.63208854, 7.970541, 4.8843207
104, 17.454264, 29.174238, 16.281069
104, 29.653093, 16.54444, 0.9337672
104, 2.6791935, -3.964919, 2.1332989
104, 0.9888355, -10.728745, 2.0423164
104, -8.298556, -14.492545, -10.577906
104, 11.856449, -2.013585, -2.535537
104, 63.251953, 25.47269, 25.283543
104, 4.084633, 8.2387, -4.62095
104, -6.098218, 4.2115293, 1.1300977
104, -5.516409, 4.209135, 5.8204823
104, 5.4948606, 15.780665, -0.9768641
104, 16.992168, 25.786339, 22.580406
104, 27.143894, 13.412727, -0.6081458
104, -1.4437478, -5.6457, 3.8045027
105, 0.84278476, -10.865219, 0.33759275
105, -6.6776323, -15.981785, -6.6345353
105, 11.937854, -4.6041903, -4.9609375
105, 64.35571, 29.96435, 45.024338
105, 2.9114382, 10.537204, -5.437398
105, -6.0048413, 2.7558103, 0.41420954
105, -8.403905, 3.0862203, 8.526012
105, 1.8220432, 12.747119, -2.4780743
105, 23.825428, 26.87334, 19.561226
105, 23.123905, 13.118232, 2.7869358
105, -2.5283542, -5.504438, 4.826858
105, -0.66800267, -4.8747435, -3.3136764
105, 0.06464542, -8.059129, -8.923462
105, 11.798986, -7.120573, -0.40463245
105, 57.697235, 20.389645, 42.802452
105, 6.589044, 15.311387, -4.7765784
105, -1.4126221, 7.9418097, -0.43815228
106, -5.8587904, 4.8986864, 5.0207944
106, 2.1213274, 7.4102807, 4.6137676
106, 6.0527267, 22.163801, 11.545193
106, 28.90608, 16.419937, 8.164477
106, 1.3288225, -4.168432, 1.6448668
106, 2.3152637, -6.2514515, -1.2162915
106, -2.0949905, -5.7797794, -13.127809
106, 10.144543, -5.38233, -2.308081
106, 42.35951, 17.913963, 29.832664
106, 14.456632, 12.687263, 8.303345
106, -8.0687065, 5.906676, -8.549955
106, -7.7119594, 3.8356283, 4.601796
106, 1.9202085, 8.078283, 6.7063637
106, 6.7877693, 25.537334, 18.7352
106, 29.607603, 16.973015, 11.085492
106, 2.1237218, -1.9633054, 0.24900457
107, 1.2761484, -8.616995, -1.89866
107, -1.5083932, -9.780613, -9.684841
107, 10.884374, -4.07745, -2.5020173
107, 45.184753, 19.700092, 34.8774
107, 6.488485, 10.757477, 4.07745
107, -4.7095385, 6.708758, -3.3855045
107, -5.8683677, 3.215511, 3.799714
107, 3.842811, 10.379181, 1.9992194
107, 10.714379, 26.128721, 14.957035
107, 28.364973, 14.961823, 19.28349
107, 2.9904492, -2.7941186, 3.8092911
107, 1.8531687, -10.084685, -0.9026416
107, -4.242655, -10.175668, -14.976189
107, 8.360807, -5.6504884, -0.7685622
107, 51.682816, 19.336163, 41.136036
107, 8.197997, 11.174081, -0.5554718
107, -4.616162, 6.466936, -3.668029
108, -6.543553, 4.6113734, 8.837268
108, 1.4413534, 13.439064, 3.0742488
108, 18.301836, 23.665012, 18.476618
108, 31.97075, 13.333716, 7.695199
108, -0.45970076, -4.563488, -1.2905141
108, 2.0758362, -7.249864, -4.781367
108, -0.6703969, -14.949852, -6.265817
108, 2.3248408, -3.4836698, 5.5906315
108, 41.710663, 16.89161, 43.934944
108, 1.5275474, 12.474172, -18.24198
108, -2.9569294, 7.285778, -1.8316202
108, -2.6744049, 8.2339115, 4.230684
108, 4.7095385, 12.97697, 2.3942747
108, 30.1104, 24.866938, 23.262774
108, 20.255566, 5.767808, 5.288953
108, -0.7877164, -8.420665, -3.1245286
108, -3.110163, -13.831725, 2.0949905
109, 2.1716073, -9.11261, -6.976917
109, 5.669643, 5.05192, -1.6664152
109, 33.148735, 18.866886, 34.63558
109, 2.6624336, 7.2546525, -0.3304099
109, -5.3440213, 5.559506, -5.3009243
109, -5.1979704, 4.790944, 2.4948344
109, 3.3519847, 13.738349, 5.233885
109, 33.199013, 22.709696, 30.72094
109, 10.972961, 1.3886794, 6.689604
109, -1.9202085, -6.797346, -3.8236568
109, 3.46691, -8.147717, -2.2625897
109, -0.84996754, -11.27464, -12.687263
109, 14.787042, 6.143709, 0.05985687
109, 27.821474, 20.528513, 18.045649
109, -3.4046588, 7.005648, -3.3639562
109, -5.5140147, 4.120547, 5.6983743
110, -4.070267, 6.859597, 4.12773
110, 2.1045675, 17.257933, 12.311361
110, 32.004272, 20.657803, 12.914719
110, 8.253065, 3.189174, -1.0199611
110, -2.4445546, -6.893117, -2.221887
110, 0.9912298, -11.820535, -1.2354459
110, 4.436591, -10.79818, -6.395108
110, 19.089554, 12.323333, 4.640105
110, 26.830244, 17.765518, 18.88125
110, 0.5027977, 7.3408465, -2.9066496
110, -3.5746522, 5.454158, 2.954535
110, -6.5842557, 7.5443597, 1.5036045
110, 6.4621477, 14.959429, 10.743111
110, 47.35636, 23.796698, 19.724035
110, 8.810931, -1.1995317, 1.2617828
110, -0.35914123, -9.007262, 0.39505535
110, -2.0806248, -10.285805, -9.098245
111, 5.2937417, -13.501316, -4.7693954
111, 21.18215, 8.023215, 6.7279124
111, 22.88448, 17.763124, 15.251531
111, -3.4573328, 6.325674, 0.25858167
111, -3.9266107, 6.591439, 1.8579572
111, -3.440573, 9.601042, -1.2761484
111, 3.8835137, 14.899572, 14.090307
111, 30.78798, 21.531713, 21.9555
111, 9.833286, -2.011191, 5.2482505
111, -3.0024207, -10.45101, -1.3647367
111, -0.009577099, -8.011244, -12.593885
111, 11.937854, -7.6975937, -3.1652312
111, 27.368956, 12.062357, 16.633028
111, 24.012182, 14.573951, 17.5644
111, -2.8635526, 7.0104365, -11.22436
111, -8.090255, 0.96489275, 7.170853
111, -2.5666625, 7.6257653, 0.7110996
112, 1.6544439, 18.991388, 8.348836
112, 28.185404, 17.159767, 15.560392
112, 6.572284, -2.8348215, 4.0128045
112, -1.0391153, -10.422278, -0.9864412
112, -0.45970076, -9.77343, -11.320131
112, 12.038414, -4.6496816, -2.2027328
112, 49.286148, 19.817413, 37.87982
112, 10.355239, 10.072714, 2.47568
112, -5.7199225, 4.3863115, -3.703943
112, -6.428628, 2.4421604, 5.444581
112, -1.3144568, 10.063137, 0.047885496
112, 4.819675, 20.581186, 12.359246
112, 28.264414, 17.906782, 17.887627
112, 8.590658, 0.6464542, 1.8914771
112, -2.4972286, -9.718362, -1.498816
112, 0.8739103, -8.48531, -4.5610933
113, 10.496501, -5.9378014, -4.4222255
113, 45.057858, 22.309853, 35.96201
113, 10.146936, 12.237139, 2.9808722
113, -4.3863115, 4.5610933, -1.1636176
113, -3.519584, 6.074275, 4.393494
113, 6.344828, 13.685675, 3.4740927
113, 14.502123, 20.945116, 19.147017
113, 22.886873, 14.901966, 8.303345
113, 1.786129, -3.6440864, 1.0558752
113, -0.20590763, -7.865193, 1.7406378
113, 0.5770202, -5.61218, -8.2387
113, 9.189227, -5.6935854, -2.6528566
113, 29.497465, 19.846144, 13.635395
113, 15.783059, 11.925883, 10.793391
113, -5.549929, 6.261029, -6.93382
113, -5.607392, 4.7693954, 3.9936504
113, 0.967287, 10.178062, 1.036721
114, 9.591465, 24.797504, 17.229202
114, 32.40651, 16.034458, 17.813404
114, -0.11253092, -4.0822387, -0.98404694
114, 1.3024855, -10.257073, -2.631308
114, -1.6496553, -10.575512, -9.124581
114, 8.152506, -7.3600006, -3.1365
114, 43.65242, 22.276333, 19.867693
114, 17.001745, 12.715994, 9.890749
114, -4.790944, 5.691191, -6.474119
114, -7.6066113, 3.7111259, 3.9266107
114, -0.28731298, 10.43425, 1.5371244
114, 6.591439, 22.659416, 18.136631
114, 30.91727, 16.053612, 12.189253
114, 2.185973, -1.5371244, -2.2242813
114, 0.81165916, -8.023215, -0.845179
114, -1.3048798, -8.245882, -8.882759
114, 10.989721, -3.4908526, -0.72785956
115, 37.288437, 19.185324, 21.531713
115, 10.084685, 10.527626, 8.516436
115, -5.1357193, 7.6880164, -3.2897336
115, -7.7478733, 5.071074, 5.3679643
115, 0.7805336, 8.176449, 3.7159145
115, 16.905975, 29.162268, 13.714406
115, 24.306679, 13.683281, 17.79904
115, 1.2641771, -5.454158, 0.51955765
115, 2.22907, -11.447028, -2.0159793
115, 0.49082634, -8.13814, -12.941055
115, 9.63935, -1.7837347, -0.7709565
115, 34.946835, 19.683332, 25.850985
115, 7.8747697, 8.964165, 9.251478
115, -2.8491871, 4.9537544, -2.3487835
115, -5.133325, 3.8212626, 2.343995
115, -1.4796618, 7.4533772, 2.5714512
116, 10.812545, 24.622723, 18.775904
116, 28.202164, 15.694471, 17.224413
116, 0.047885496, -3.816474, 0.68236834
116, 2.0351336, -10.149331, -1.7645805
116, -2.6217308, -10.829305, -11.777438
116, 12.287418, -5.3895125, -1.5778271
116, 51.871964, 19.958675, 34.3339
116, 6.976917, 9.797373, 4.5946136
116, -6.567496, 6.5028505, -1.8842943
116, -3.8811195, 5.9018874, 1.8699286
116, 3.9768906, 9.337671, 0.8786988
116, 22.094368, 28.707355, 4.5443335
116, 29.212547, 10.855642, 26.832638
116, -9.435837, -7.649708, 3.4980354
116, 1.3383996, -9.976943, 5.4086666
116, -1.1731946, -12.945844, -8.147717
116, 7.9322324, 0.64166564, -3.9409764
117, 31.501474, 19.391232, 25.07524
117, 8.293768, 12.471778, 6.543553
117, -2.4780743, 6.0000525, -1.1348863
117, -5.8851275, 3.790137, 6.6704497
117, -0.749408, 7.666468, 2.8396099
117, -1.3144568, 22.999403, 17.075968
117, 29.95956, 16.949072, 16.048824
117, 1.8148603, -1.0989721, -0.600963
117, 1.908237, -9.440625, -1.3383996
117, -2.988055, -10.94423, -10.187639
117, 13.975382, -6.3735595, -2.8276386
117, 45.467278, 18.495773, 21.886066
117, 18.064804, 15.026468, 9.06233
117, -4.7622128, 4.800521, -1.2498114
117, -6.9673395, 3.7638, 2.3056867
117, -0.0071828244, 8.530801, -0.9241901
117, 5.9617443, 22.542097, 13.565961
118, 31.087265, 15.48138, 16.520496
118, 6.158075, -1.6257126, 2.8204558
118, -1.5083932, -9.2419, -1.089395
118, -0.6703969, -11.190841, -9.926663
118, 8.379962, -13.712012, -2.9952378
118, 39.730595, 10.577906, 24.854967
118, 20.65062, 21.400028, 8.655303
118, -3.5914123, 6.352011, -0.83081335
118, -6.6273527, 4.9944572, 4.005622
118, -2.1548474, 7.9130783, 1.5203645
118, 15.852493, 24.529345, 17.724817
118, 30.560524, 15.783059, 9.126976
118, 2.8443985, -2.0375278, 1.1923488
118, -1.0870007, -8.190814, 1.1708003
118, -3.3519847, -9.900327, -6.651295
118, 7.6880164, -10.094262, -1.4245936
119, 29.217335, 13.50371, 5.1883936
119, 21.84297, 16.554016, 15.981785
119, -2.439766, 5.6002088, -1.690358
119, -5.4254265, 3.2083282, 1.8627458
119, -6.1317377, 4.149278, 4.2594147
119, 5.9042816, 13.824543, 5.61218
119, 30.957973, 18.653795, 19.59714
119, 12.658531, 7.0942364, 2.7893302
119, -3.2250881, -6.280183, 0.29210153
119, 2.8396099, -9.031204, -3.1867797
119, -3.3424077, -13.439064, -8.791777
119, 9.27542, 1.376708, -2.0255566
119, 30.795162, 22.18535, 22.489424
119, -0.93616146, 6.761432, -1.6257126
119, -6.737489, 1.759792, 2.7175019
119, -6.002447, 5.322473, 5.8444247
119, 4.4461684, 13.965805, 2.595394
120, 44.133667, 25.341005, 20.327393
120, 15.874042, 3.512401, 1.4102279
120, -4.5706706, -9.06233, 1.1181264
120, 0.23224466, -10.491713, -5.2841644
120, -1.8220432, -11.121407, -12.234744
120, 1.2138973, -2.1835787, -2.6169424
120, 48.22788, 24.4647, 29.851818
120, -0.12450229, 7.312115, -6.2921543
120, -7.676045, 3.3855045, -1.637684
120, -7.1301503, 3.9864676, 3.0215747
120, 5.724711, 9.974549, 2.4206119
120, 24.273157, 25.563673, 28.661863
120, 25.202137, 13.2858305, 2.7462332
120, -4.436591, -7.0511394, -2.1404817
120, 1.8340145, -10.230737, -0.17957062
120, -2.030345, -10.968173, -10.190034
121, 4.767001, -3.7685885, -5.7127395
121, 50.389908, 23.617126, 38.076153
121, 2.6887705, 8.593052, -1.8004947
121, -7.249864, 3.9433706, -1.2330515
121, -7.333664, 4.245049, 5.200365
121, 8.0926485, 14.85887, 2.056682
121, 23.985846, 23.49023, 29.193392
121, 17.712845, 6.385531, 3.1436827
121, -2.047105, -5.897099, -0.5889916
121, 0.17957062, -10.194822, -1.2091088
121, -2.7318676, -12.907536, -11.1142235
121, 6.7446723, -3.0527003, -3.632115
121, 48.40266, 26.044922, 34.482346
121, 2.6959534, 12.751907, -0.16041641
121, -4.350397, 6.9146657, -0.52913475
121, -3.7661943, 0.9217958, 4.9561486
121, -3.232271, 0.63208854, 0.5411061
122, 3.3998702, 27.467121, 16.283463
122, 33.59407, 16.21403, 1.4437478
122, -3.6081722, -5.691191, -5.7965393
122, -2.8779182, -11.11183, -4.6832013
122, -3.0790374, -12.059962, -5.95935
122, 16.697672, -1.4509305, 3.5698638
122, 37.630817, 22.321823, 21.378479
122, 9.766247, 11.281823, 2.9425638
122, -5.157268, 5.078257, -2.3463893
122, -2.7749646, 5.111777, 6.979311
122, 3.1245286, 13.132597, -2.7725701
122, 11.233937, 23.281929, 22.333796
122, 31.92526, 16.542046, 4.7286925
122, -0.8978531, -4.8316464, -1.4605076
122, -0.7134939, -10.903527, 1.3048798
122, -1.7166951, -10.2642565, -8.363202
122, 8.116591, -7.573091, -1.1372806
123, 52.561516, 23.023346, 25.218897
123, 1.2162915, 8.444607, 8.20518
123, -3.615355, 4.8579836, 8.475733
123, -3.806897, 0.9074302, 4.5874305
123, -3.2777622, -0.7901107, 11.286612
123, -5.6792197, -0.7948992, 18.239586
123, 1.2210802, -3.6201434, 24.093588
123, 1.3958622, 2.413429, 2.648068
123, 3.677606, -2.152453, 2.413429
123, 4.846012, -1.8316202, -0.7302538
123, 14.82535, 7.379155, 15.4023695
123, -0.83081335, -2.5929997, 30.088852
123, 3.7709827, 5.940196, 3.5554981
123, -3.2921278, 3.2394538, -4.903475
123, -4.0032277, 0.16759923, 2.9760835
123, -4.1564612, -1.9728824, 9.344854
123, 1.1660118, 3.9170337, 23.028135
124, -2.3679378, -5.6959796, 17.892416
124, 1.733455, 0.29210153, 7.3671837
124, 1.8004947, -1.7621863, 3.371139
124, 2.5427198, 0.22506183, 1.5634614
124, 6.301731, 1.2713599, 19.058428
124, 2.545114, 5.097411, 8.755863
124, 5.664854, -0.45970076, 21.100744
124, 2.6552508, 5.9018874, 3.4860642


